1765   278.0516    721.8941   272.9596     0.0000     0.0000   1360.6276  480.0000 
1766   278.1062    722.2557   272.9712     0.0000     0.0000   1360.5971  480.0000 
1767   278.2204    722.9708   272.9942     0.0000     0.0000   1360.8022  480.0000 
1768   278.3431    723.6679   273.0168     0.0000     0.0000   1361.0542  480.0000 
1769   278.4706    724.3431   273.0390     0.0000     0.0000   1361.2383  480.0000 
1770   278.6005    724.9953   273.0610     0.0000     0.0000   1361.2409  480.0000 
1771   278.7328    725.6289   273.0826     0.0000     0.0000   1361.1348  480.0000 
1772   278.8688    726.2496   273.1039     0.0000     0.0000   1361.0628  480.0000 
1773   279.0091    726.8586   273.1249     0.0000     0.0000   1360.8446  480.0000 
1774   279.1532    727.4548   273.1456     0.0000     0.0000   1360.8066  480.0000 
1775   279.3018    728.0370   273.1662     0.0000     0.0000   1360.6702  480.0000 
1776   279.4568    728.6039   273.1866     0.0000     0.0000   1360.7246  480.0000 
1777   279.6181    729.1543   273.2068     0.0000     0.0000   1360.8858  480.0000 
1778   279.7819    729.6870   273.2268     0.0000     0.0000   1361.1149  480.0000 
1779   279.9432    730.2009   273.2466     0.0000     0.0000   1361.1726  480.0000 
1780   280.0974    730.6922   273.2665     0.0000     0.0000   1360.9951  480.0000 
1781   280.2428    731.1541   273.2862     0.0000     0.0000   1361.1062  480.0000 
1782   280.3817    731.5842   273.3059     0.0000     0.0000   1360.8420  480.0000 
1783   280.5183    731.9889   273.3254     0.0000     0.0000   1360.7491  480.0000 
1784   280.6572    732.3776   273.3450     0.0000     0.0000   1360.6177  480.0000 
1785   280.8026    732.7600   273.3646     0.0000     0.0000   1360.6767  480.0000 
1786   280.9568    733.1456   273.3843     0.0000     0.0000   1360.9880  480.0000 
1787   281.1181    733.5441   273.4040     0.0000     0.0000   1361.1529  480.0000 
1788   281.2819    733.9651   273.4238     0.0000     0.0000   1361.0995  480.0000 
1789   281.4432    734.4181   273.4436     0.0000     0.0000   1361.0790  480.0000 
1790   281.5982    734.9109   273.4636     0.0000     0.0000   1360.9802  480.0000 
1791   281.7468    735.4454   273.4838     0.0000     0.0000   1360.8305  480.0000 
1792   281.8909    736.0182   273.5041     0.0000     0.0000   1360.8165  480.0000 
1793   282.0312    736.6257   273.5246     0.0000     0.0000   1360.7961  480.0000 
1794   282.1673    737.2648   273.5452     0.0000     0.0000   1360.7024  480.0000 
1795   282.2990    737.9327   273.5661     0.0000     0.0000   1360.5857  480.0000 
1796   282.4268    738.6265   273.5873     0.0000     0.0000   1360.5561  480.0000 
1797   282.5509    739.3434   273.6088     0.0000     0.0000   1360.5032  480.0000 
1798   282.6712    740.0803   273.6305     0.0000     0.0000   1360.4783  480.0000 
1799   282.7873    740.8344   273.6525     0.0000     0.0000   1360.4845  480.0000 
1800   282.8990    741.6081   273.6748     0.0000     0.0000   1360.5249  480.0000 
1801   283.0068    742.4133   273.6976     0.0000     0.0000   1360.7962  480.0000 
1802   283.1109    743.2600   273.7208     0.0000     0.0000   1360.6750  480.0000 
1803   283.2113    744.1459   273.7443     0.0000     0.0000   1360.5432  480.0000 
1804   283.3074    745.0635   273.7683     0.0000     0.0000   1360.5471  480.0000 
1805   283.3996    746.0047   273.7927     0.0000     0.0000   1360.5574  480.0000 
1806   283.4898    746.9619   273.8176     0.0000     0.0000   1360.4602  480.0000 
1807   283.5780    747.9273   273.8430     0.0000     0.0000   1360.3929  480.0000 
1808   283.6612    748.8930   273.8689     0.0000     0.0000   1360.3678  480.0000 
1809   283.7351    749.8512   273.8953     0.0000     0.0000   1360.3401  480.0000 
1810   283.7968    750.7982   273.9223     0.0000     0.0000   1360.3315  480.0000 
1811   283.8467    751.7390   273.9498     0.0000     0.0000   1360.3443  480.0000 
1812   283.8885    752.6816   273.9779     0.0000     0.0000   1360.3850  480.0000 
1813   283.9261    753.6284   274.0067     0.0000     0.0000   1360.4335  480.0000 
1814   283.9627    754.5787   274.0360     0.0000     0.0000   1360.4572  480.0000 
1815   284.0011    755.5313   274.0661     0.0000     0.0000   1360.5121  480.0000 
1816   284.0427    756.4855   274.0967     0.0000     0.0000   1360.6077  480.0000 
1817   284.0861    757.4403   274.1281     0.0000     0.0000   1360.5812  480.0000 
1818   284.1285    758.3948   274.1602     0.0000     0.0000   1360.5333  480.0000 
1819   284.1667    759.3481   274.1931     0.0000     0.0000   1360.5183  480.0000 
1820   284.1982    760.2995   274.2266     0.0000     0.0000   1360.4627  480.0000 
1821   284.2233    761.2494   274.2609     0.0000     0.0000   1360.4411  480.0000 
1822   284.2443    762.1983   274.2960     0.0000     0.0000   1360.4648  480.0000 
1823   284.2631    763.1468   274.3318     0.0000     0.0000   1360.4699  480.0000 
1824   284.2813    764.0953   274.3685     0.0000     0.0000   1360.5108  480.0000 
1825   284.3003    765.0439   274.4060     0.0000     0.0000   1360.5839  480.0000 
1826   284.3200    765.9930   274.4443     0.0000     0.0000   1360.6868  480.0000 
1827   284.3400    766.9430   274.4835     0.0000     0.0000   1360.7976  480.0000 
1828   284.3600    767.8940   274.5236     0.0000     0.0000   1360.8848  480.0000 
1829   284.3800    768.8464   274.5646     0.0000     0.0000   1360.9026  480.0000 
1830   284.4000    769.7984   274.6065     0.0000     0.0000   1360.9435  480.0000 
1831   284.3850    770.7450   274.6493     0.0000     0.0000   1360.7790  480.0000 
1832   284.2800    771.6831   274.6931     0.0000     0.0000   1360.6774  480.0000 
1833   284.1250    772.6154   274.7378     0.0000     0.0000   1360.5824  480.0000 
1834   283.9750    773.5469   274.7835     0.0000     0.0000   1360.6177  480.0000 
1835   283.8250    774.4829   274.8302     0.0000     0.0000   1360.8779  480.0000 
1836   283.6750    775.4284   274.8779     0.0000     0.0000   1361.2582  480.0000 
1837   283.5250    776.3887   274.9267     0.0000     0.0000   1361.3313  480.0000 
1838   283.4250    777.3687   274.9765     0.0000     0.0000   1361.1191  480.0000 
1839   283.4000    778.3737   275.0275     0.0000     0.0000   1361.0370  480.0000 
1840   283.4000    779.4118   275.0797     0.0000     0.0000   1360.9207  480.0000 
1841   283.4250    780.4941   275.1364     0.0000     0.0000   1360.7696  480.0000 
1842   283.5000    781.6240   275.2022     0.0000     0.0000   1360.7148  480.0000 
1843   283.6000    782.7932   275.2731     0.0000     0.0000   1360.6447  480.0000 
1844   283.7250    783.9886   275.3371     0.0000     0.0000   1360.6752  480.0000 
1845   283.9000    785.1973   275.3804     0.0000     0.0000   1360.8025  480.0000 
1846   284.0750    786.4061   275.3984     0.0000     0.0000   1360.9004  480.0000 
1847   284.2250    787.6022   275.4013     0.0000     0.0000   1361.0014  480.0000 
1848   284.4000    788.7725   275.4008     0.0000     0.0000   1361.1972  480.0000 
1849   284.5750    789.9040   275.4003     0.0000     0.0000   1361.1882  480.0000 
1850   284.7250    790.9792   275.4251     0.0000     0.0000   1360.9896  480.0000 
1851   284.8750    792.2500   275.5000     0.0000     0.0105   1360.9942  480.1037 
1852   285.0000    793.7500   275.6000     0.0000     0.0316   1360.9148  480.3111 
1853   285.1250    795.2500   275.7000     0.0000     0.0527   1360.8053  480.5186 
1854   285.2750    796.7500   275.8000     0.0000     0.0738   1360.6823  480.7262 
1855   285.4250    798.0000   275.9000     0.0000     0.0948   1360.6040  480.9338 
1856   285.5750    799.2500   276.0000     0.0000     0.1159   1360.6065  481.1412 
1857   285.7250    800.7500   276.1000     0.0000     0.1370   1360.7154  481.3486 
1858   285.9000    802.2500   276.2000     0.0000     0.1581   1360.9076  481.5562 
1859   286.0750    803.7500   276.3000     0.0000     0.1791   1361.1247  481.7636 
1860   286.2250    805.2500   276.4000     0.0000     0.2002   1361.1909  481.9710 
1861   286.3750    806.7500   276.5000     0.0000     0.2213   1361.0818  482.1786 
1862   286.5000    808.2500   276.6000     0.0000     0.2423   1360.9320  482.3860 
1863   286.6250    809.7500   276.7000     0.0000     0.2634   1360.8486  482.5934 
1864   286.7750    811.2500   276.8000     0.0000     0.2845   1360.7865  482.8010 
1865   286.9000    813.0000   276.9000     0.0000     0.3056   1360.6963  483.0086 
1866   287.0000    814.7500   277.0000     0.0000     0.3266   1360.6330  483.2160 
1867   287.1000    816.2500   277.1000     0.0000     0.3477   1360.5809  483.4234 
1868   287.2250    817.7500   277.2000     0.0000     0.3688   1360.7401  483.6310 
1869   287.3750    819.2500   277.3000     0.0000     0.3898   1360.9756  483.8384 
1870   287.5250    821.0000   277.3750     0.0000     0.4108   1361.2134  484.0450 
1871   287.7000    822.7500   277.4250     0.0000     0.4318   1361.1535  484.2520 
1872   287.9000    824.2500   277.5000     0.0000     0.4530   1361.1070  484.4600 
1873   288.1250    825.7500   277.6000     0.0000     0.4741   1360.9067  484.6680 
1874   288.4000    827.2500   277.7000     0.0000     0.4952   1360.7787  484.8760 
1875   288.7000    829.0000   277.7750     0.0000     0.5163   1360.6306  485.0840 
1876   289.0250    830.7500   277.8250     0.0000     0.5385   1360.5805  485.3020 
1877   289.4000    832.2500   277.9000     0.0000     0.5623   1360.5808  485.5360 
1878   289.8000    833.7500   278.0000     0.0000     0.5872   1360.5522  485.7820 
1879   290.2250    835.2500   278.1000     0.0000     0.6134   1360.5746  486.0400 
1880   290.7000    837.0000   278.2000     0.0000     0.6407   1360.7208  486.3080 
1881   291.2000    839.0000   278.3000     0.0000     0.6691   1360.8645  486.5880 
1882   291.6750    841.0000   278.4000     0.0000     0.6990   1360.8878  486.8820 
1883   292.1250    843.0000   278.5000     0.0000     0.7300   1360.9347  487.1880 
1884   292.5750    844.7500   278.6000     0.0000     0.7623   1360.8369  487.5060 
1885   292.9750    846.2500   278.7000     0.0000     0.7960   1360.7277  487.8380 
1886   293.3000    848.0000   278.8000     0.0000     0.8314   1360.5630  488.1860 
1887   293.5750    850.0000   278.8750     0.0000     0.8684   1360.5197  488.5500 
1888   293.8000    852.0000   278.9250     0.0000     0.9070   1360.4844  488.9300 
1889   294.0000    854.0000   279.0000     0.0000     0.9472   1360.4561  489.3260 
1890   294.1750    856.0000   279.1000     0.0000     0.9892   1360.4906  489.7400 
1891   294.3250    858.2500   279.2000     0.0000     1.0331   1360.7411  490.1720 
1892   294.4750    860.7500   279.3000     0.0000     1.0788   1360.8393  490.6220 
1893   294.6000    863.0000   279.3750     0.0000     1.1267   1360.9798  491.0940 
1894   294.7000    865.0000   279.4250     0.0000     1.1769   1361.0748  491.5880 
1895   294.8000    867.2500   279.4750     0.0000     1.2291   1360.9589  492.1020 
1896   294.9000    869.7500   279.5250     0.0000     1.2835   1360.7786  492.6380 
1897   295.0250    872.0000   279.6000     0.0000     1.3406   1360.6337  493.2000 
1898   295.2250    874.2500   279.6750     0.0000     1.4001   1360.6110  493.7860 
1899   295.5000    876.7500   279.7250     0.0000     1.4623   1360.5594  494.3980 
1900   295.8000    879.5000   279.8000     0.0000     1.5438   1360.5288  495.0380 
1901   296.1250    883.0000   279.9000     0.0000     1.6287   1360.4509  495.7040 
1902   296.4750    887.0000   280.0000     0.0000     1.6991   1360.4595  496.3800 
1903   296.8250    891.2500   280.1000     0.0000     1.7693   1360.6688  497.0520 
1904   297.2000    895.7500   280.2000     0.0000     1.8393   1360.9380  497.7220 
1905   297.6250    900.2500   280.3000     0.0000     1.9094   1360.7497  498.3920 
1906   298.0750    904.7500   280.4000     0.0000     1.9825   1360.9455  499.0900 
1907   298.5000    909.2500   280.5250     0.0000     2.0756   1360.8301  499.9840 
1908   298.9000    914.0000   280.6750     0.0000     2.1860   1360.8949  501.0480 
1909   299.3000    919.0000   280.8250     0.0000     2.2967   1360.7847  502.1120 
1910   299.7000    923.7500   280.9750     0.0000     2.4074   1360.6519  503.1760 
1911   300.0750    928.2500   281.1250     0.0000     2.5181   1360.5686  504.2380 
1912   300.4250    933.0000   281.3000     0.0000     2.6332   1360.5224  505.3420 
1913   300.7750    938.2500   281.4750     0.0000     2.7956   1360.5389  506.9060 
1914   301.1000    943.7500   281.6250     0.0000     2.9904   1360.6056  508.7840 
1915   301.4000    949.2500   281.8000     0.0000     3.1118   1360.9091  509.9360 
1916   301.7250    954.7500   282.0000     0.0000     3.1699   1361.1184  510.4640 
1917   302.0750    960.2500   282.2250     0.0000     3.2832   1361.2668  511.5320 
1918   302.4000    966.0000   282.4750     0.0000     3.4750   1361.2286  513.3720 
1919   302.7000    972.0000   282.7000     0.0000     3.6908   1361.0000  515.4460 
1920   303.0250    977.7500   282.9250     0.0000     3.9068   1360.8381  517.5200 
1921   303.4000    983.2500   283.1750     0.0000     4.1235   1360.7334  519.5980 
1922   303.7750    989.0000   283.4000     0.0000     4.3408   1360.6159  521.6800 
1923   304.1250    995.0000   283.6000     0.0000     4.5663   1360.6475  523.7400 
1924   304.5250   1001.0000   283.8000     0.0000     4.8042   1360.6790  525.8000 
1925   304.9750   1007.0000   284.0000     0.0000     5.0468   1360.8824  527.8800 
1926   305.4000   1013.0000   284.2250     0.0000     5.3094   1360.9831  530.1400 
1927   305.8250   1019.0000   284.4500     0.0000     5.5920   1361.1660  532.5800 
1928   306.3000   1025.0000   284.6250     0.0000     5.8763   1361.0441  535.0200 
1929   306.7750   1030.7500   284.8000     0.0000     6.1626   1361.0031  537.4600 
1930   307.2250   1036.2500   284.9750     0.0000     6.4528   1360.9853  539.9200 
1931   307.7000   1041.7500   285.1250     0.0000     6.7640   1360.8638  542.3800 
1932   308.1750   1047.2500   285.3000     0.0000     7.0794   1360.7570  544.8249 
1933   308.6000   1052.7500   285.5000     0.0000     7.3885   1360.6366  547.3345 
1934   309.0000   1058.0000   285.7000     0.0000     7.7612   1360.7482  550.4441 
1935   309.4000   1063.0000   285.9000     0.0000     8.1961   1360.9638  554.1025 
1936   309.7500   1068.0000   286.1000     0.0000     8.6407   1361.3518  557.7747 
1937   310.0000   1073.0000   286.2750     0.0000     9.0957   1361.2864  561.4612 
1938   310.1750   1078.0000   286.4250     0.0000     9.5714   1361.2221  565.1809 
1939   310.3000   1083.0000   286.5750     0.0035    10.0759   1361.2058  568.9592 
1940   310.3750   1088.2500   286.7250     0.0105    10.6138   1361.1435  572.8048 
1941   310.3750   1093.7500   286.9000     0.0173    11.2100   1361.0646  576.8996 
1942   310.3000   1099.0000   287.1000     0.0240    11.8751   1360.9618  581.3126 
1943   310.2000   1104.0000   287.3000     0.0305    12.5962   1360.8046  585.8917 
1944   310.1250   1109.2500   287.5250     0.0404    13.3708   1360.8344  590.5796 
1945   310.1000   1114.7500   287.7750     0.0536    14.2202   1361.1004  595.4026 
1946   310.1250   1120.5000   288.0250     0.0700    15.2355   1361.1982  600.5938 
1947   310.2000   1126.7500   288.2750     0.1002    16.6013   1361.4367  606.6776 
1948   310.3250   1133.2500   288.5250     0.1649    18.4562   1361.5668  614.3877 
1949   310.5000   1140.0000   288.7750     0.2881    20.6691   1361.4736  623.4086 
1950   310.7500   1147.2500   289.0000     0.4966    23.2514   1361.2321  635.0773 
1951   311.1000   1155.0000   289.2000     0.8132    25.9604   1360.9963  647.0694 
1952   311.5000   1163.5000   289.4250     1.1675    28.4909   1360.9874  656.7255 
1953   311.9250   1172.7500   289.6750     1.5770    31.0611   1360.8487  666.6975 
1954   312.4250   1182.2500   289.9000     2.1490    33.8561   1360.8766  678.0740 
1955   313.0000   1192.0000   290.1250     2.8860    36.9951   1360.9971  691.8835 
1956   313.6000   1202.2500   290.3750     3.7950    40.5451   1361.5288  709.0935 
1957   314.2250   1213.0000   290.6000     4.9210    44.5653   1361.8848  729.3670 
1958   314.8475   1224.0000   290.8250     6.2365    49.0890   1361.8496  752.0925 
1959   315.5000   1235.2500   291.1000     7.5570    53.9947   1361.6005  776.2355 
1960   316.2725   1247.0000   291.4000     8.8185    59.2877   1361.4947  801.5365 
1961   317.0750   1259.2500   291.6750    10.2955    65.2439   1361.1392  829.4375 
1962   317.7950   1272.0000   291.9250    12.2350    71.9392   1360.9683  860.5255 
1963   318.3975   1285.0000   292.2250    14.7150    79.4469   1360.9164  895.3065 
1964   318.9250   1298.2500   292.6000    17.7950    88.0742   1360.9177  934.3625 
1965   319.6475   1312.0000   293.0000    21.4950    97.9439   1360.9540  977.7220 
1966   320.6475   1326.0000   293.4000    25.7750   109.0033   1361.1371 1025.4755 
1967   321.6050   1340.2500   293.8000    30.5750   121.3106   1361.3329 1078.0935 
1968   322.6350   1355.0000   294.2250    35.9550   135.0808   1361.3828 1136.6130 
1969   323.9025   1370.2500   294.7000    42.0500   150.4574   1361.4657 1201.3255 
1970   324.9850   1385.7500   295.2000    49.0500   167.4217   1361.4608 1272.3775 
1971   325.8550   1401.2500   295.7000    57.0650   185.8539   1361.1771 1348.9615 
1972   327.1400   1417.0000   296.2250    65.9650   205.6585   1361.2713 1430.9840 
1973   328.6775   1433.0000   296.8000    75.8350   227.1542   1361.0188 1521.2795 
1974   329.7425   1449.0000   297.4000    87.0400   250.8463   1360.9471 1622.8305 
1975   330.5850   1465.0000   298.0000    99.5600   276.6397   1360.7551 1734.6980 
1976   331.7475   1481.0000   298.6500   112.3000   303.0110   1360.8655 1847.4775 
1977   333.2725   1497.2500   299.3600   124.7000   329.1214   1361.0527 1959.7305 
1978   334.8475   1513.7500   300.0825   136.7000   355.2836   1361.4927 2075.8100 
1979   336.5250   1530.2500   300.7400   148.8000   381.9794   1361.8516 2200.2295 
1980   338.3600   1547.7500   301.3825   159.4000   407.1158   1361.8649 2313.1490 
1981   339.7275   1566.7500   302.2200   168.5500   432.2755   1361.9117 2414.7480 
1982   340.7925   1586.2500   303.0975   177.8500   457.9873   1361.5039 2514.2995 
1983   342.1975   1605.8450   303.8050   185.8000   482.6038   1361.4175 2602.2440 
1984   343.7825   1623.7050   304.3975   193.7500   508.3537   1361.0300 2694.6775 
1985   345.2825   1637.9925   305.0875   202.8500   536.0746   1360.8619 2797.4290 
1986   346.7975   1650.4350   305.7725   212.1000   563.3888   1360.8582 2895.1645 
1987   348.6450   1662.2000   306.2625   222.8000   592.2190   1361.0096 2997.0255 
1988   350.7375   1673.0700   307.1950   234.9000   624.5785   1361.3013 3116.5455 
1989   352.4875   1683.4700   308.5075   244.9000   658.6546   1361.8646 3236.3785 
1990   353.8550   1693.6300   309.4850   252.7500   689.8661   1361.7704 3335.8870 
1991   355.0175   1703.8175   310.1125   260.1500   717.9449   1361.6631 3429.1395 
1992   355.8850   1711.8000   310.6025   264.9500   743.5493   1361.5200 3504.9850 
1993   356.7775   1716.2900   311.0775   267.7500   763.6356   1361.2475 3550.2125 
1994   358.1275   1721.0125   311.6025   269.5000   778.6722   1361.0168 3570.6180 
1995   359.8375   1726.3500   312.2950   269.5000   790.0303   1360.9197 3562.1235 
1996   361.4625   1730.0100   313.0475   268.9500   800.8993   1360.8325 3544.8940 
1997   363.1550   1734.8175   313.7600   268.2000   810.4260   1360.9598 3520.0685 
1998   365.3225   1742.7100   314.5325   266.9500   817.8340   1361.3207 3487.2960 
1999   367.3475   1749.2425   315.2575   265.2000   825.4301   1361.6028 3456.5430 
2000   368.8650   1751.0225   315.8500   263.4500   833.2770   1361.9002 3429.2885 
2001   370.4675   1750.7075   316.4875   261.9000   840.7394   1361.8191 3404.8075 
2002   372.5225   1752.1875   317.2450   260.1000   848.7463   1361.8973 3382.6710 
2003   374.7600   1754.7600   318.0175   257.9500   855.8675   1361.4482 3360.2005 
2004   376.8125   1755.0650   318.7100   256.0500   862.1800   1361.2668 3339.2800 
2005   378.8125   1753.7350   319.4400   254.1000   868.4492   1361.0740 3319.5400 
2006   380.8275   1754.5145   320.1997   251.3000   873.6924   1361.0304 3296.9650 
2007   382.7775   1757.6840   320.8888   247.9500   878.6201   1360.9440 3272.8735 
2008   384.8000   1761.9801   321.5780   244.6000   883.9575   1360.9119 3249.8065 
2009   387.0005   1767.2590   322.2674   241.0286   889.3639   1360.8325 3225.6581 
2010   389.2852   1773.1278   322.9565   237.2846   894.9288   1360.9598 3200.3294 
2011   391.5625   1779.5403   323.6458   233.5383   900.7239   1361.3207 3174.8067 
2012   393.8427   1784.5519   324.3272   229.7935   906.2638   1361.6028 3148.4916 
2013   396.1173   1786.3689   324.9926   226.0573   911.1372   1361.9002 3121.1185 
2014   398.3957   1785.2863   325.6422   222.3367   915.3950   1361.8191 3092.7235 
2015   400.6807   1781.5822   326.2758   218.6392   919.0875   1361.8973 3063.3609 
2016   402.9683   1775.4780   326.8936   214.9673   922.2189   1361.4482 3032.6112 
2017   405.2518   1767.1513   327.4956   211.3201   924.8812   1361.2668 3001.0446 
2018   407.5288   1756.7736   328.0819   207.6976   927.1993   1361.0740 2969.6626 
2019   409.8003   1744.5114   328.6528   204.1009   929.2012   1361.0304 2938.4449 
2020   412.0678   1730.5180   329.2083   200.5308   930.9156   1360.9440 2907.3790 
2021   414.3256   1714.8713   329.7486   196.9804   932.3495   1360.9119 2876.3873 
2022   416.5166   1698.7239   330.2781   193.4467   933.0600   1360.8325 2844.9135 
2023   418.6032   1683.3058   330.8014   189.9375   932.6871   1360.9598 2812.5672 
2024   420.6013   1668.8253   331.3184   186.4587   931.3817   1361.3207 2779.5307 
2025   422.5158   1655.3673   331.8295   183.0156   929.2683   1361.6028 2745.9542 
2026   424.3490   1642.8547   332.3346   179.6139   926.4401   1361.9002 2711.9578 
2027   426.0967   1631.1869   332.8339   176.2548   922.9711   1361.8191 2677.6192 
2028   427.7523   1620.2505   333.3274   172.9368   918.9203   1361.8973 2642.9842 
2029   429.3138   1609.9520   333.8152   169.6593   914.3423   1361.4482 2608.1014 
2030   430.7831   1600.2154   334.2973   166.4225   909.2887   1361.2668 2573.0227 
2031   432.1634   1590.9764   334.7737   163.2266   903.8065   1361.0740 2537.7977 
2032   433.4362   1582.2005   335.2439   160.0657   898.0107   1361.0304 2502.4740 
2033   434.5927   1573.8792   335.7070   156.9361   892.0118   1360.9440 2467.1153 
2034   435.6530   1566.0052   336.1633   153.8434   885.8433   1360.9119 2431.7989 
2035   436.6280   1558.5643   336.6126   150.7916   879.5336   1360.8325 2396.5879 
2036   437.5216   1551.5411   337.0552   147.7844   873.1080   1360.9598 2361.5373 
2037   438.3343   1544.9268   337.4910   144.8256   866.5911   1361.3207 2326.7010 
2038   439.0602   1538.6838   337.9201   141.9158   859.9965   1361.6028 2292.1018 
2039   439.6906   1532.7554   338.3425   139.0529   853.3299   1361.9002 2257.7391 
2040   440.2224   1527.0976   338.7583   136.2360   846.5981   1361.8191 2223.6176 
2041   440.6567   1521.6802   339.1677   133.4648   839.8100   1361.8973 2189.7479 
2042   441.0248   1516.0256   339.5622   130.7391   833.0296   1361.4482 2156.4593 
2043   441.3465   1509.6501   339.9336   128.0534   826.2973   1361.2668 2124.0062 
2044   441.6210   1502.5989   340.2820   125.4042   819.5990   1361.0740 2092.3182 
2045   441.8644   1494.9915   340.6075   122.7954   812.9433   1361.0304 2061.3916 
2046   442.0848   1486.9261   340.9101   120.2300   806.3354   1360.9440 2031.2161 
2047   442.2834   1478.4866   341.1900   117.7101   799.7786   1360.9119 2001.7791 
2048   442.4583   1469.7525   341.4474   115.2384   793.2772   1360.8325 1973.0722 
2049   442.6009   1460.7653   341.6826   112.8149   786.8274   1360.9598 1945.0667 
2050   442.7005   1451.5398   341.8956   110.4375   780.4193   1361.3207 1917.7204 
2051   442.7518   1442.0963   342.0868   108.1050   774.0460   1361.6028 1890.9984 
2052   442.7610   1432.7096   342.2605   105.8167   767.9256   1361.9002 1864.9873 
2053   442.7342   1423.6218   342.4210   103.5721   762.2594   1361.8191 1839.7646 
2054   442.6626   1414.7425   342.5686   101.3660   756.9969   1361.8973 1815.2503 
2055   442.5477   1406.0124   342.7035    99.1954   752.0977   1361.4482 1791.3838 
2056   442.4064   1397.4536   342.8258    97.0628   747.5444   1361.2668 1768.1556 
2057   442.2483   1389.0775   342.9357    94.9703   743.3195   1361.0740 1745.5520 
2058   442.0754   1380.8916   343.0332    92.9193   739.4066   1361.0304 1723.5585 
2059   441.8863   1372.9066   343.1185    90.9115   735.7924   1360.9440 1702.1641 
2060   441.6727   1365.1056   343.1917    88.9465   732.4584   1360.9119 1681.3429 
2061   441.4241   1357.4515   343.2529    87.0223   729.3820   1360.8325 1661.0583 
2062   441.1345   1350.2260   343.3080    85.1375   726.5661   1360.9598 1641.3146 
2063   440.8028   1343.6860   343.3628    83.2910   724.0149   1361.3207 1622.1194 
2064   440.4304   1337.7504   343.4173    81.4820   721.7108   1361.6028 1603.4433 
2065   440.0102   1332.2959   343.4718    79.7064   719.6243   1361.9002 1585.2316 
2066   439.5447   1327.2328   343.5262    77.9614   717.7335   1361.8191 1567.4436 
2067   439.0522   1322.5520   343.5806    76.2490   716.0352   1361.8973 1550.0781 
2068   438.5429   1318.2378   343.6350    74.5704   714.5247   1361.4482 1533.1301 
2069   438.0193   1314.2739   343.6894    72.9268   713.1974   1361.2668 1516.5940 
2070   437.4806   1310.6506   343.7438    71.3192   712.0504   1361.0740 1500.4665 
2071   436.9188   1307.3332   343.7982    69.7472   711.0746   1361.0304 1484.7318 
2072   436.3425   1304.2787   343.8510    68.2090   710.1888   1360.9440 1469.3799 
2073   435.7644   1301.4547   343.9007    66.7035   709.3189   1360.9119 1454.4036 
2074   435.1819   1298.8309   343.9472    65.2298   708.4653   1360.8325 1439.7843 
2075   434.5950   1296.3806   343.9906    63.7871   707.6280   1360.9598 1425.5049 
2076   433.9954   1294.0307   344.0309    62.3721   706.7946   1361.3207 1411.5279 
2077   433.3846   1291.7352   344.0681    60.9826   705.9576   1361.6028 1397.8261 
2078   432.7796   1289.5217   344.1023    59.6200   705.1266   1361.9002 1384.4035 
2079   432.1898   1287.4071   344.1333    58.2852   704.3085   1361.8191 1371.2609 
2080   431.6166   1285.4046   344.1614    56.9790   703.5094   1361.8973 1358.3980 
2081   431.0585   1283.5306   344.1864    55.7022   702.7361   1361.4482 1345.8164 
2082   430.5103   1281.7574   344.2083    54.4544   701.9179   1361.2668 1333.5141 
2083   429.9641   1280.0405   344.2267    53.2342   700.9846   1361.0740 1321.4810 
2084   429.4141   1278.3635   344.2416    52.0408   699.9431   1361.0304 1309.7035 
2085   428.8591   1276.7183   344.2532    50.8733   698.8006   1360.9440 1298.1706 
2086   428.2991   1275.0979   344.2613    49.7312   697.5639   1360.9119 1286.8728 
2087   427.7265   1273.4472   344.2662    48.6117   696.2268   1360.8325 1275.7828 
2088   427.1431   1271.7361   344.2677    47.5131   694.7877   1360.9598 1264.8820 
2089   426.5661   1270.0047   344.2659    46.4365   693.2612   1361.3207 1254.1765 
2090   426.0047   1268.2816   344.2609    45.3826   691.6588   1361.6028 1243.6698 
2091   425.4606   1266.5900   344.2526    44.3519   689.9909   1361.9002 1233.3640 
2092   424.9375   1264.9737   344.2409    43.3449   688.2240   1361.8191 1223.2662 
2093   424.4313   1263.4475   344.2254    42.3614   686.3213   1361.8973 1213.3743 
2094   423.9308   1261.9864   344.2063    41.4002   684.2883   1361.4482 1203.6771 
2095   423.4306   1260.5735   344.1836    40.4605   682.1311   1361.2668 1194.1653 
2096   422.9294   1259.1995   344.1572    39.5417   679.8564   1361.0740 1184.8322 
2097   422.4276   1257.8565   344.1273    38.6433   677.4705   1361.0304 1175.6715 
2098   421.9175   1256.4890   344.0938    37.7632   674.9675   1360.9440 1166.6625 
2099   421.4011   1255.0667   344.0568    36.8999   672.3465   1360.9119 1157.7914 
2100   420.8955   1253.6284   344.0163    36.0544   669.6216   1360.8325 1149.0647 
2101   420.4100   1252.2028   343.9724    35.2271   666.8045   1360.9598 1140.4866 
2102   419.9453   1250.8862   343.9268    34.4185   663.9896   1361.3207 1132.0622 
2103   419.4983   1249.7665   343.8816    33.6290   661.2650   1361.6028 1123.7969 
2104   419.0598   1248.8250   343.8368    32.8583   658.6232   1361.9002 1115.6876 
2105   418.6190   1248.0275   343.7923    32.1055   656.0541   1361.8191 1107.7266 
2106   418.1708   1247.3487   343.7482    31.3699   653.5498   1361.8973 1099.9076 
2107   417.7145   1246.7719   343.7045    30.6512   651.1047   1361.4482 1092.2263 
2108   417.2507   1246.2824   343.6612    29.9488   648.7139   1361.2668 1084.6788 
2109   416.7722   1245.8193   343.6183    29.2610   646.3625   1361.0740 1077.2488 
2110   416.2813   1245.3472   343.5758    28.5868   644.0410   1361.0304 1069.9258 
2111   415.7952   1244.8996   343.5337    27.9268   641.7548   1360.9440 1062.7159 
2112   415.3232   1244.4992   343.4919    27.2814   639.5076   1360.9119 1055.6232 
2113   414.8670   1244.1645   343.4506    26.6507   637.3025   1360.8325 1048.6508 
2114   414.4250   1243.9160   343.4096    26.0352   635.1435   1360.9598 1041.8029 
2115   413.9889   1243.7483   343.3690    25.4344   633.0292   1361.3207 1035.0774 
2116   413.5487   1243.6380   343.3288    24.8478   630.9543   1361.6028 1028.4683 
2117   413.0994   1243.5696   343.2889    24.2749   628.9154   1361.9002 1021.9708 
2118   412.6408   1243.5349   343.2494    23.7151   626.9103   1361.8191 1015.5818 
2119   412.1734   1243.5271   343.2102    23.1682   624.9372   1361.8973 1009.2983 
2120   411.6904   1243.4920   343.1714    22.6329   622.9841   1361.4482 1003.1072 
2121   411.1943   1243.4003   343.1330    22.1083   621.0440   1361.2668  997.0000 
2122   410.7023   1243.2907   343.0949    21.5949   619.1238   1361.0740  990.9820 
2123   410.2234   1243.1908   343.0572    21.0930   617.2283   1361.0304  985.0570 
2124   409.7593   1243.1230   343.0198    20.6026   615.3618   1360.9440  979.2280 
2125   409.3085   1243.1116   342.9827    20.1242   613.5290   1360.9119  973.4984 
2126   408.8627   1243.1545   342.9460    19.6573   611.7296   1360.8325  967.8671 
2127   408.4166   1243.2313   342.9096    19.2016   609.9595   1360.9598  962.3291 
2128   407.9696   1243.3293   342.8736    18.7565   608.2160   1361.3207  956.8809 
2129   407.5207   1243.4426   342.8378    18.3218   606.4977   1361.6028  951.5199 
2130   407.0705   1243.5661   342.8024    17.8972   604.8033   1361.9002  946.2439 
2131   406.6119   1243.6476   342.7673    17.4817   603.1219   1361.8191  941.0420 
2132   406.1471   1243.6595   342.7326    17.0747   601.4471   1361.8973  935.9072 
2133   405.6929   1243.6418   342.6981    16.6764   599.7860   1361.4482  930.8442 
2134   405.2581   1243.6232   342.6640    16.2870   598.1437   1361.2668  925.8562 
2135   404.8441   1243.6271   342.6302    15.9067   596.5244   1361.0740  920.9460 
2136   404.4492   1243.6789   342.5967    15.5357   594.9329   1361.0304  916.1166 
2137   404.0651   1243.7773   342.5635    15.1738   593.3693   1360.9440  911.3673 
2138   403.6816   1243.9027   342.5306    14.8206   591.8298   1360.9119  906.6938 
2139   403.2942   1244.0430   342.4980    14.4756   590.3118   1360.8325  902.0932 
2140   402.9023   1244.1931   342.4656    14.1388   588.8145   1360.9598  897.5638 
2141   402.5066   1244.3485   342.4336    13.8099   587.3366   1361.3207  893.1036 
2142   402.1006   1244.4576   342.4019    13.4880   585.8679   1361.6028  888.7035 
2143   401.6865   1244.4933   342.3705    13.1728   584.4025   1361.9002  884.3577 
2144   401.2813   1244.4961   342.3393    12.8643   582.9473   1361.8191  880.0704 
2145   400.8938   1244.4949   342.3085    12.5628   581.5073   1361.8973  875.8443 
2146   400.5252   1244.5137   342.2779    12.2684   580.0868   1361.4482  871.6820 
2147   400.1740   1244.5779   342.2476    11.9812   578.6906   1361.2668  867.5861 
2148   399.8320   1244.6866   342.2175    11.7011   577.3186   1361.0740  863.5560 
2149   399.4893   1244.8204   342.1878    11.4277   575.9675   1361.0304  859.5885 
2150   399.1413   1244.9675   342.1583    11.1608   574.6350   1360.9440  855.6810 
2151   398.7877   1245.1230   342.1291    10.9003   573.3200   1360.9119  851.8321 
2152   398.4293   1245.2826   342.1001    10.6458   572.0217   1360.8325  848.0402 
2153   398.0595   1245.3949   342.0714    10.3969   570.7302   1360.9598  844.2976 
2154   397.6809   1245.4328   342.0430    10.1531   569.4398   1361.3207  840.5996 
2155   397.3102   1245.4369   342.0149     9.9146   568.1573   1361.6028  836.9496 
2156   396.9562   1245.4364   341.9869     9.6815   566.8877   1361.9002  833.3503 
2157   396.6201   1245.4552   341.9593     9.4539   565.6351   1361.8191  829.8035 
2158   396.3003   1245.5189   341.9319     9.2319   564.4043   1361.8973  826.3120 
2159   395.9887   1245.6266   341.9047     9.0154   563.1952   1361.4482  822.8751 
2160   395.6755   1245.7589   341.8778     8.8042   562.0046   1361.2668  819.4901 
2161   395.3563   1245.9042   341.8511     8.5980   560.8304   1361.0740  816.1551 
2162   395.0308   1246.0576   341.8247     8.3967   559.6717   1361.0304  812.8686 
2163   394.6999   1246.2148   341.7985     8.2002   558.5275   1360.9440  809.6296 
2164   394.3570   1246.3245   341.7726     8.0079   557.3884   1360.9119  806.4315 
2165   394.0049   1246.3596   341.7469     7.8196   556.2488   1360.8325  803.2701 
2166   393.6601   1246.3609   341.7214     7.6354   555.1155   1360.9598  800.1487 
2167   393.3313   1246.3575   341.6962     7.4555   553.9932   1361.3207  797.0693 
2168   393.0197   1246.3732   341.6712     7.2798   552.8861   1361.6028  794.0338 
2169   392.7237   1246.4337   341.6464     7.1084   551.7987   1361.9002  791.0444 
2170   392.4352   1246.5381   341.6218     6.9414   550.7312   1361.8191  788.1007 
2171   392.1446   1246.6671   341.5975     6.7783   549.6803   1361.8973  785.2004 
2172   391.8474   1246.8091   341.5734     6.6192   548.6440   1361.4482  782.3418 
2173   391.5435   1246.9591   341.5495     6.4639   547.6214   1361.2668  779.5239 
2174   391.2337   1247.1129   341.5258     6.3122   546.6117   1361.0740  776.7455 
2175   390.9117   1247.2192   341.5023     6.1639   545.6057   1361.0304  774.0014 
2176   390.5802   1247.2510   341.4791     6.0186   544.5980   1360.9440  771.2878 
2177   390.2557   1247.2490   341.4561     5.8766   543.5953   1360.9119  768.6076 
2178   389.9467   1247.2422   341.4332     5.7378   542.6021   1360.8325  765.9626 
2179   389.6544   1247.2547   341.4106     5.6023   541.6226   1360.9598  763.3544 
2180   389.3771   1247.3119   341.3882     5.4702   540.6612   1361.3207  760.7849 
2181   389.1069   1247.4131   341.3660     5.3414   539.7180   1361.6028  758.2539 
2182   388.8340   1247.5389   341.3440     5.2157   538.7899   1361.9002  755.7594 
2183   388.5544   1247.6777   341.3222     5.0930   537.8748   1361.8191  753.2998 
2184   388.2677   1247.8245   341.3006     4.9733   536.9721   1361.8973  750.8745 
2185   387.9747   1247.9753   341.2792     4.8564   536.0809   1361.4482  748.4826 
2186   387.6695   1248.0785   341.2580     4.7420   535.1922   1361.2668  746.1193 
2187   387.3546   1248.1073   341.2369     4.6301   534.3008   1361.0740  743.7817 
2188   387.0465   1248.1024   341.2161     4.5207   533.4132   1361.0304  741.4721 
2189   386.7535   1248.0928   341.1955     4.4137   532.5340   1360.9440  739.1921 
2190   386.4769   1248.1024   341.1750     4.3093   531.6671   1360.9119  736.9431 
2191   386.2149   1248.1569   341.1547     4.2076   530.8169   1360.8325  734.7269 
2192   385.9595   1248.2552   341.1347     4.1083   529.9834   1360.9598  732.5432 
2193   385.7012   1248.3783   341.1148     4.0115   529.1637   1361.3207  730.3904 
2194   385.4358   1248.5144   341.0950     3.9170   528.3559   1361.6028  728.2672 
2195   385.1632   1248.6586   341.0755     3.8248   527.5591   1361.9002  726.1729 
2196   384.8842   1248.8068   341.0561     3.7348   526.7726   1361.8191  724.1067 
2197   384.5929   1248.9075   341.0370     3.6468   525.9876   1361.8973  722.0648 
2198   384.2918   1248.9338   341.0179     3.5606   525.1990   1361.4482  720.0444 
2199   383.9973   1248.9265   340.9991     3.4764   524.4133   1361.2668  718.0476 
2200   383.7178   1248.9145   340.9804     3.3940   523.6348   1361.0740  716.0759 
2201   383.4543   1248.9217   340.9619     3.3137   522.8675   1361.0304  714.1306 
2202   383.2049   1248.9739   340.9436     3.2353   522.1157   1360.9440  712.2130 
2203   382.9620   1249.0699   340.9255     3.1589   521.3794   1360.9119  710.3229 
2204   382.7159   1249.1907   340.9075     3.0844   520.6557   1360.8325  708.4590 
2205   382.4626   1249.3246   340.8896     3.0117   519.9427   1360.9598  706.6203 
2206   382.2019   1249.4666   340.8720     2.9407   519.2397   1361.3207  704.8062 
2207   381.9347   1249.6126   340.8544     2.8715   518.5459   1361.6028  703.0161 
2208   381.6551   1249.7112   340.8371     2.8037   517.8527   1361.9002  701.2464 
2209   381.3659   1249.7354   340.8199     2.7374   517.1552   1361.8191  699.4949 
2210   381.0830   1249.7261   340.8029     2.6726   516.4597   1361.8973  697.7634 
2211   380.8149   1249.7121   340.7860     2.6092   515.7705   1361.4482  696.0532 
2212   380.5626   1249.7174   340.7693     2.5474   515.0914   1361.2668  694.3654 
2213   380.3243   1249.7676   340.7527     2.4871   514.4267   1361.0740  692.7013 
2214   380.0919   1249.8618   340.7363     2.4284   513.7765   1361.0304  691.0607 
2215   379.8564   1249.9807   340.7200     2.3710   513.1378   1360.9440  689.4424 
2216   379.6135   1250.1126   340.7039     2.3151   512.5088   1360.9119  687.8456 
2217   379.3630   1250.2528   340.6879     2.2605   511.8889   1360.8325  686.2697 
2218   379.1060   1250.3970   340.6720     2.2072   511.2772   1360.9598  684.7143 
2219   378.8367   1250.4938   340.6563     2.1551   510.6654   1361.3207  683.1761 
2220   378.5577   1250.5163   340.6408     2.1041   510.0485   1361.6028  681.6535 
2221   378.2850   1250.5053   340.6254     2.0542   509.4329   1361.9002  680.1480 
2222   378.0270   1250.4897   340.6101     2.0055   508.8227   1361.8191  678.6605 
2223   377.7844   1250.4933   340.5950     1.9580   508.2218   1361.8973  677.1922 
2224   377.5556   1250.5419   340.5800     1.9116   507.6343   1361.4482  675.7442 
2225   377.3327   1250.6344   340.5652     1.8665   507.0603   1361.2668  674.3163 
2226   377.1063   1250.7517   340.5505     1.8224   506.4969   1361.0740  672.9075 
2227   376.8725   1250.8820   340.5359     1.7794   505.9424   1361.0304  671.5171 
2228   376.6311   1251.0206   340.5214     1.7374   505.3961   1360.9440  670.1446 
2229   376.3831   1251.1633   340.5071     1.6965   504.8572   1360.9119  668.7896 
2230   376.1227   1251.2586   340.4929     1.6565   504.3174   1360.8325  667.4495 
2231   375.8528   1251.2796   340.4788     1.6173   503.7720   1360.9598  666.1225 
2232   375.5892   1251.2671   340.4649     1.5789   503.2272   1361.3207  664.8100 
2233   375.3401   1251.2501   340.4511     1.5415   502.6870   1361.6028  663.5131 
2234   375.1063   1251.2523   340.4374     1.5049   502.1554   1361.9002  662.2325 
2235   374.8859   1251.2995   340.4239     1.4693   501.6363   1361.8191  660.9692 
2236   374.6713   1251.3905   340.4104     1.4346   501.1298   1361.8973  659.7233 
2237   374.4531   1251.5064   340.3971     1.4007   500.6331   1361.4482  658.4938 
2238   374.2274   1251.6354   340.3839     1.3676   500.1446   1361.2668  657.2800 
2239   373.9941   1251.7727   340.3709     1.3354   499.6634   1361.0740  656.0816 
2240   373.7541   1251.9140   340.3579     1.3039   499.1890   1361.0304  654.8983 
2241   373.5018   1252.0080   340.3451     1.2731   498.7131   1360.9440  653.7277 
2242   373.2401   1252.0277   340.3324     1.2429   498.2310   1360.9119  652.5683 
2243   372.9847   1252.0140   340.3198     1.2135   497.7489   1360.8325  651.4213 
2244   372.7435   1251.9957   340.3073     1.1847   497.2708   1360.9598  650.2878 
2245   372.5176   1251.9967   340.2949     1.1566   496.8005   1361.3207  649.1683 
2246   372.3049   1252.0426   340.2827     1.1292   496.3420   1361.6028  648.0638 
2247   372.0977   1252.1324   340.2705     1.1025   495.8953   1361.9002  646.9743 
2248   371.8869   1252.2471   340.2585     1.0765   495.4578   1361.8191  645.8988 
2249   371.6685   1252.3749   340.2466     1.0511   495.0277   1361.8973  644.8369 
2250   371.4425   1252.5109   340.2347     1.0263   494.6043   1361.4482  643.7883 
2251   371.2098   1252.6511   340.2230     1.0021   494.1870   1361.2668  642.7526 
2252   370.9649   1252.7439   340.2114     0.9785   493.7677   1361.0740  641.7278 
2253   370.7106   1252.7625   340.1999     0.9553   493.3417   1361.0304  640.7127 
2254   370.4626   1252.7477   340.1885     0.9327   492.9151   1360.9440  639.7083 
2255   370.2287   1252.7282   340.1772     0.9106   492.4920   1360.9119  638.7153 
2256   370.0099   1252.7281   340.1660     0.8890   492.0760   1360.8325  637.7345 
2257   369.8042   1252.7729   340.1550     0.8680   491.6711   1360.9598  636.7665 
2258   369.6039   1252.8617   340.1440     0.8475   491.2775   1361.3207  635.8115 
2259   369.3998   1252.9752   340.1331     0.8274   490.8924   1361.6028  634.8686 
2260   369.1881   1253.1020   340.1223     0.8079   490.5140   1361.9002  633.9374 
2261   368.9687   1253.2370   340.1116     0.7889   490.1418   1361.8191  633.0178 
2262   368.7427   1253.3761   340.1010     0.7703   489.7750   1361.8973  632.1093 
2263   368.5044   1253.4679   340.0905     0.7521   489.4058   1361.4482  631.2101 
2264   368.2569   1253.4854   340.0801     0.7343   489.0295   1361.2668  630.3193 
2265   368.0157   1253.4696   340.0698     0.7169   488.6521   1361.0740  629.4378 
2266   367.7886   1253.4492   340.0596     0.6999   488.2777   1361.0304  628.5662 
2267   367.5763   1253.4481   340.0495     0.6834   487.9098   1360.9440  627.7051 
2268   367.3770   1253.4919   340.0395     0.6672   487.5526   1360.9119  626.8552 
2269   367.1829   1253.5796   340.0295     0.6514   487.2059   1360.8325  626.0164 
2270   366.9850   1253.6922   340.0197     0.6361   486.8671   1360.9598  625.1882 
2271   366.7794   1253.8180   340.0100     0.6211   486.5347   1361.3207  624.3701 
2272   366.5662   1253.9520   340.0003     0.6064   486.2078   1361.6028  623.5620 
2273   366.3462   1254.0902   339.9907     0.5922   485.8859   1361.9002  622.7636 
2274   366.1142   1254.1810   339.9812     0.5782   485.5610   1361.8191  621.9733 
2275   365.8730   1254.1977   339.9718     0.5645   485.2288   1361.8973  621.1901 
2276   365.6381   1254.1809   339.9625     0.5512   484.8950   1361.4482  620.4149 
2277   365.4171   1254.1596   339.9533     0.5381   484.5637   1361.2668  619.6484 
2278   365.2110   1254.1576   339.9441     0.5254   484.2385   1361.0740  618.8909 
2279   365.0176   1254.2005   339.9350     0.5130   483.9234   1361.0304  618.1432 
2280   364.8292   1254.2874   339.9261     0.5009   483.6184   1360.9440  617.4051 
2281   364.6370   1254.3991   339.9172     0.4891   483.3207   1360.9119  616.6762 
2282   364.4371   1254.5239   339.9083     0.4776   483.0289   1360.8325  615.9561 
2283   364.2295   1254.6571   339.8996     0.4663   482.7422   1360.9598  615.2446 
2284   364.0153   1254.7944   339.8909     0.4554   482.4600   1361.3207  614.5416 
2285   363.7890   1254.8844   339.8823     0.4446   482.1745   1361.6028  613.8456 
2286   363.5536   1254.9002   339.8739     0.4341   481.8813   1361.9002  613.1557 
2287   363.3245   1254.8826   339.8654     0.4239   481.5861   1361.8191  612.4727 
2288   363.1094   1254.8605   339.8571     0.4138   481.2931   1361.8973  611.7972 
2289   362.9088   1254.8577   339.8488     0.4040   481.0057   1361.4482  611.1297 
2290   362.7209   1254.8998   339.8406     0.3945   480.7279   1361.2668  610.4706 
2291   362.5379   1254.9858   339.8325     0.3852   480.4598   1361.0740  609.8200 
2292   362.3510   1255.0966   339.8244     0.3762   480.1986   1361.0304  609.1773 
2293   362.1564   1255.2207   339.8164     0.3673   479.9428   1360.9440  608.5422 
2294   361.9541   1255.3531   339.8085     0.3586   479.6917   1360.9119  607.9146 
2295   361.7451   1255.4896   339.8007     0.3502   479.4447   1360.8325  607.2944 
2296   361.5241   1255.5788   339.7930     0.3420   479.1941   1360.9598  606.6803 
2297   361.2942   1255.5938   339.7853     0.3339   478.9354   1361.3207  606.0715 
2298   361.0706   1255.5755   339.7776     0.3260   478.6745   1361.6028  605.4688 
2299   360.8608   1255.5526   339.7701     0.3183   478.4154   1361.9002  604.8725 
2300   360.6656   1255.5490   339.7626     0.3108   478.1615   1361.8191  604.2832 
2301   360.4828   1255.5903   339.7552     0.3035   477.9168   1361.8973  603.7012 
2302   360.3048   1255.6756   339.7478     0.2963   477.6814   1361.4482  603.1266 
2303   360.1228   1255.7857   339.7406     0.2894   477.4525   1361.2668  602.5589 
2304   359.9331   1255.9090   339.7333     0.2825   477.2286   1361.0740  601.9979 
2305   359.7357   1256.0406   339.7262     0.2759   477.0091   1361.0304  601.4434 
2306   359.5317   1256.1765   339.7191     0.2694   476.7934   1360.9440  600.8953 
2307   359.3157   1256.2649   339.7121     0.2631   476.5736   1360.9119  600.3525 
2308   359.0910   1256.2792   339.7051     0.2569   476.3457   1360.8325  599.8144 
2309   358.8724   1256.2602   339.6982     0.2508   476.1151   1360.9598  599.2815 
2310   358.6677   1256.2366   339.6914     0.2449   475.8861   1361.3207  598.7543 
2311   358.4774   1256.2323   339.6846     0.2391   475.6619   1361.6028  598.2331 
2312   358.2994   1256.2729   339.6779     0.2335   475.4466   1361.9002  597.7183 
2313   358.1261   1256.3575   339.6713     0.2280   475.2401   1361.8191  597.2100 
2314   357.9488   1256.4669   339.6647     0.2227   475.0399   1361.8973  596.7078 
2315   357.7637   1256.5895   339.6582     0.2175   474.8443   1361.4482  596.2115 
2316   357.5709   1256.7204   339.6517     0.2124   474.6528   1361.2668  595.7208 
2317   357.3715   1256.8556   339.6453     0.2074   474.4648   1361.0740  595.2357 
2318   357.1603   1256.9434   339.6390     0.2025   474.2725   1361.0304  594.7551 
2319   356.9403   1256.9570   339.6327     0.1977   474.0717   1360.9440  594.2786 
2320   356.7266   1256.9373   339.6264     0.1930   473.8681   1360.9119  593.8067 
2321   356.5266   1256.9131   339.6203     0.1885   473.6657   1360.8325  593.3397 
2322   356.3410   1256.9081   339.6142     0.1840   473.4679   1360.9598  592.8779 
2323   356.1675   1256.9481   339.6081     0.1797   473.2787   1361.3207  592.4218 
2324   355.9986   1257.0320   339.6021     0.1755   473.0979   1361.6028  591.9714 
2325   355.8256   1257.1407   339.5961     0.1713   472.9231   1361.9002  591.5263 
2326   355.6448   1257.2626   339.5902     0.1673   472.7527   1361.8191  591.0863 
2327   355.4564   1257.3930   339.5844     0.1634   472.5860   1361.8973  590.6513 
2328   355.2613   1257.5275   339.5786     0.1596   472.4226   1361.4482  590.2212 
2329   355.0545   1257.6147   339.5729     0.1558   472.2546   1361.2668  589.7952 
2330   354.8391   1257.6277   339.5672     0.1522   472.0780   1361.0740  589.3727 
2331   354.6300   1257.6074   339.5615     0.1486   471.8983   1361.0304  588.9541 
2332   354.4345   1257.5825   339.5559     0.1451   471.7196   1360.9440  588.5399 
2333   354.2532   1257.5770   339.5504     0.1417   471.5452   1360.9119  588.1303 
2334   354.0840   1257.6163   339.5449     0.1383   471.3790   1360.8325  587.7256 
2335   353.9192   1257.6996   339.5395     0.1351   471.2211   1360.9598  587.3259 
2336   353.7503   1257.8077   339.5341     0.1320   471.0689   1361.3207  586.9309 
2337   353.5737   1257.9290   339.5288     0.1289   470.9208   1361.6028  586.5403 
2338   353.3894   1258.0587   339.5235     0.1259   470.7762   1361.9002  586.1542 
2339   353.1984   1258.1927   339.5182     0.1229   470.6346   1361.8191  585.7723 
2340   352.9958   1258.2793   339.5131     0.1201   470.4882   1361.8973  585.3940 
2341   352.7846   1258.2917   339.5079     0.1173   470.3330   1361.4482  585.0187 
2342   352.5798   1258.2709   339.5028     0.1145   470.1746   1361.2668  584.6469 
2343   352.3886   1258.2454   339.4978     0.1118   470.0169   1361.0740  584.2789 
2344   352.2115   1258.2393   339.4928     0.1092   469.8633   1361.0304  583.9150 
2345   352.0463   1258.2780   339.4878     0.1067   469.7176   1360.9440  583.5554 
2346   351.8854   1258.3607   339.4829     0.1042   469.5800   1360.9119  583.2001 
2347   351.7204   1258.4682   339.4780     0.1018   469.4478   1360.8325  582.8490 
2348   351.5476   1258.5890   339.4732     0.0994   469.3195   1360.9598  582.5018 
2349   351.3672   1258.7181   339.4684     0.0971   469.1946   1361.3207  582.1585 
2350   351.1801   1258.8515   339.4637     0.0949   469.0723   1361.6028  581.8188 
2351   350.9814   1258.9376   339.4590     0.0926   468.9451   1361.9002  581.4822 
2352   350.7744   1258.9495   339.4543     0.0904   468.8090   1361.8191  581.1483 
2353   350.5736   1258.9281   339.4497     0.0883   468.6694   1361.8973  580.8174 
2354   350.3865   1258.9021   339.4451     0.0862   468.5304   1361.4482  580.4898 
2355   350.2133   1258.8954   339.4406     0.0842   468.3952   1361.2668  580.1658 
2356   350.0519   1258.9336   339.4361     0.0822   468.2679   1361.0740  579.8457 
2357   349.8947   1259.0158   339.4317     0.0802   468.1483   1361.0304  579.5293 
2358   349.7334   1259.1227   339.4273     0.0783   468.0339   1360.9440  579.2166 
2359   349.5643   1259.2429   339.4229     0.0765   467.9232   1360.9119  578.9074 
2360   349.3875   1259.3716   339.4186     0.0747   467.8156   1360.8325  578.6015 
2361   349.2041   1259.5045   339.4143     0.0729   467.7106   1360.9598  578.2990 
2362   349.0092   1259.5900   339.4101     0.0712   467.6005   1361.3207  577.9992 
2363   348.8060   1259.6014   339.4058     0.0695   467.4813   1361.6028  577.7017 
2364   348.6092   1259.5795   339.4017     0.0679   467.3585   1361.9002  577.4069 
2365   348.4258   1259.5530   339.3976     0.0663   467.2361   1361.8191  577.1150 
2366   348.2564   1259.5458   339.3935     0.0647   467.1174   1361.8973  576.8262 
2367   348.0986   1259.5835   339.3894     0.0632   467.0062   1361.4482  576.5409 
2368   347.9450   1259.6651   339.3854     0.0617   466.9026   1361.2668  576.2589 
2369   347.7871   1259.7715   339.3814     0.0603   466.8041   1361.0740  575.9801 
2370   347.6214   1259.8912   339.3775     0.0589   466.7091   1361.0304  575.7043 
2371   347.4482   1260.0194   339.3736     0.0575   466.6170   1360.9440  575.4315 
2372   347.2683   1260.1518   339.3697     0.0561   466.5273   1360.9119  575.1617 
2373   347.0770   1260.2368   339.3658     0.0548   466.4324   1360.8325  574.8942 
2374   346.8775   1260.2477   339.3620     0.0535   466.3282   1360.9598  574.6288 
2375   346.6843   1260.2253   339.3583     0.0523   466.2204   1361.3207  574.3657 
2376   346.5046   1260.1984   339.3545     0.0510   466.1127   1361.6028  574.1052 
2377   346.3388   1260.1906   339.3508     0.0498   466.0086   1361.9002  573.8475 
2378   346.1844   1260.2279   339.3471     0.0487   465.9118   1361.8191  573.5927 
2379   346.0342   1260.3090   339.3435     0.0475   465.8225   1361.8973  573.3410 
2380   345.8796   1260.4149   339.3399     0.0464   465.7381   1361.4482  573.0920 
2381   345.7172   1260.5342   339.3363     0.0453   465.6570   1361.2668  572.8457 
2382   345.5473   1260.6618   339.3328     0.0443   465.5788   1361.0740  572.6021 
2383   345.3707   1260.7938   339.3293     0.0432   465.5027   1361.0304  572.3610 
2384   345.1829   1260.8784   339.3258     0.0422   465.4213   1360.9440  572.1221 
2385   344.9869   1260.8888   339.3224     0.0412   465.3305   1360.9119  571.8849 
2386   344.7973   1260.8660   339.3190     0.0402   465.2360   1360.8325  571.6498 
2387   344.6211   1260.8385   339.3156     0.0393   465.1414   1360.9598  571.4170 
2388   344.4586   1260.8303   339.3123     0.0384   465.0503   1361.3207  571.1866 
2389   344.3075   1260.8671   339.3089     0.0375   464.9664   1361.6028  570.9588 
2390   344.1604   1260.9477   339.3057     0.0366   464.8898   1361.9002  570.7337 
2391   344.0090   1261.0532   339.3024     0.0357   464.8179   1361.8191  570.5111 
2392   343.8498   1261.1720   339.2992     0.0349   464.7493   1361.8973  570.2908 
2393   343.6830   1261.2992   339.2960     0.0341   464.6833   1361.4482  570.0729 
2394   343.5097   1261.4307   339.2928     0.0333   464.6194   1361.2668  569.8572 
2395   343.3250   1261.5149   339.2897     0.0325   464.5500   1361.0740  569.6434 
2396   343.1324   1261.5249   339.2865     0.0318   464.4712   1361.0304  569.4311 
2397   342.9462   1261.5016   339.2835     0.0310   464.3884   1360.9440  569.2207 
2398   342.7733   1261.4738   339.2804     0.0303   464.3056   1360.9119  569.0123 
2399   342.6141   1261.4651   339.2774     0.0296   464.2261   1360.8325  568.8060 
2400   342.4661   1261.5014   339.2744     0.0289   464.1537   1360.9598  568.6021 
2401   342.3221   1261.5816   339.2714     0.0282   464.0884   1361.3207  568.4005 
2402   342.1737   1261.6867   339.2685     0.0276   464.0277   1361.6028  568.2011 
2403   342.0175   1261.8050   339.2656     0.0269   463.9701   1361.9002  568.0038 
2404   341.8538   1261.9318   339.2627     0.0263   463.9151   1361.8191  567.8085 
2405   341.6834   1262.0629   339.2598     0.0257   463.8619   1361.8973  567.6153 
2406   341.5019   1262.1467   339.2570     0.0251   463.8034   1361.4482  567.4236 
2407   341.3125   1262.1563   339.2541     0.0245   463.7352   1361.2668  567.2334 
2408   341.1295   1262.1326   339.2514     0.0239   463.6630   1361.0740  567.0448 
2409   340.9599   1262.1043   339.2486     0.0234   463.5906   1361.0304  566.8579 
2410   340.8037   1262.0953   339.2458     0.0228   463.5214   1360.9440  566.6730 
2411   340.6588   1262.1311   339.2431     0.0223   463.4592   1360.9119  566.4901 
2412   340.5177   1262.2109   339.2404     0.0218   463.4040   1360.8325  566.3093 
2413   340.3721   1262.3155   339.2378     0.0213   463.3533   1360.9598  566.1304 
2414   340.2188   1262.4335   339.2351     0.0208   463.3055   1361.3207  565.9534 
2415   340.0580   1262.5599   339.2325     0.0203   463.2603   1361.6028  565.7782 
2416   339.8905   1262.6906   339.2299     0.0198   463.2168   1361.9002  565.6048 
2417   339.7120   1262.7739   339.2274     0.0194   463.1678   1361.8191  565.4328 
2418   339.5257   1262.7831   339.2248     0.0189   463.1091   1361.8973  565.2621 
2419   339.3458   1262.7591   339.2223     0.0185   463.0463   1361.4482  565.0927 
2420   339.1792   1262.7304   339.2198     0.0180   462.9832   1361.2668  564.9249 
2421   339.0260   1262.7209   339.2173     0.0176   462.9233   1361.0740  564.7588 
2422   338.8840   1262.7564   339.2149     0.0172   462.8702   1361.0304  564.5946 
2423   338.7457   1262.8358   339.2124     0.0168   462.8240   1360.9440  564.4322 
2424   338.6029   1262.9400   339.2100     0.0164   462.7822   1360.9119  564.2715 
2425   338.4523   1263.0575   339.2076     0.0160   462.7433   1360.8325  564.1124 
2426   338.2942   1263.1836   339.2053     0.0157   462.7067   1360.9598  563.9550 
2427   338.1295   1263.3139   339.2029     0.0153   462.6719   1361.3207  563.7991 
2428   337.9539   1263.3969   339.2006     0.0149   462.6314   1361.6028  563.6445 
2429   337.7706   1263.4057   339.1983     0.0146   462.5812   1361.9002  563.4910 
2430   337.5937   1263.3813   339.1960     0.0143   462.5268   1361.8191  563.3387 
2431   337.4300   1263.3522   339.1938     0.0139   462.4721   1361.8973  563.1878 
2432   337.2797   1263.3424   339.1915     0.0136   462.4203   1361.4482  563.0385 
2433   337.1404   1263.3774   339.1893     0.0133   462.3754   1361.2668  562.8907 
2434   337.0047   1263.4564   339.1871     0.0130   462.3372   1361.0740  562.7446 
2435   336.8646   1263.5603   339.1849     0.0127   462.3033   1361.0304  562.6000 
2436   336.7167   1263.6774   339.1828     0.0124   462.2723   1360.9440  562.4568 
2437   336.5612   1263.8031   339.1806     0.0121   462.2435   1360.9119  562.3151 
2438   336.3992   1263.9331   339.1785     0.0118   462.2164   1360.8325  562.1748 
2439   336.2264   1264.0157   339.1764     0.0115   462.1836   1360.9598  562.0356 
2440   336.0458   1264.0241   339.1743     0.0113   462.1410   1361.3207  561.8974 
2441   335.8718   1263.9994   339.1723     0.0110   462.0941   1361.6028  561.7603 
2442   335.7109   1263.9699   339.1702     0.0108   462.0468   1361.9002  561.6244 
2443   335.5634   1263.9597   339.1682     0.0105   462.0024   1361.8191  561.4898 
2444   335.4267   1263.9944   339.1662     0.0103   461.9647   1361.8973  561.3566 
2445   335.2936   1264.0731   339.1642     0.0100   461.9337   1361.4482  561.2250 
2446   335.1560   1264.1765   339.1622     0.0098   461.9070   1361.2668  561.0946 
2447   335.0106   1264.2933   339.1603     0.0096   461.8830   1361.0740  560.9656 
2448   334.8577   1264.4187   339.1583     0.0094   461.8612   1361.0304  560.8379 
2449   334.6983   1264.5483   339.1564     0.0091   461.8410   1360.9440  560.7114 
2450   334.5281   1264.6306   339.1545     0.0089   461.8150   1360.9119  560.5859 
2451   334.3503   1264.6387   339.1526     0.0087   461.7791   1360.8325  560.4612 
2452   334.1791   1264.6136   339.1508     0.0085   461.7390   1360.9598  560.3375 
2453   334.0209   1264.5838   339.1489     0.0083   461.6983   1361.3207  560.2149 
2454   333.8760   1264.5732   339.1471     0.0081   461.6605   1361.6028  560.0934 
2455   333.7419   1264.6076   339.1453     0.0079   461.6293   1361.9002  559.9733 
2456   333.6113   1264.6858   339.1435     0.0078   461.6048   1361.8191  559.8544 
2457   333.4761   1264.7890   339.1417     0.0076   461.5844   1361.8973  559.7368 
2458   333.3331   1264.9054   339.1399     0.0074   461.5668   1361.4482  559.6203 
2459   333.1827   1265.0304   339.1382     0.0072   461.5512   1361.2668  559.5050 
2460   333.0258   1265.1597   339.1365     0.0071   461.5371   1361.0740  559.3907 
2461   332.8581   1265.2417   339.1347     0.0069   461.5172   1361.0304  559.2773 
2462   332.6830   1265.2495   339.1330     0.0067   461.4875   1360.9440  559.1647 
2463   332.5144   1265.2240   339.1314     0.0066   461.4533   1360.9119  559.0529 
2464   332.3588   1265.1939   339.1297     0.0064   461.4186   1360.8325  558.9421 
2465   332.2165   1265.1830   339.1280     0.0063   461.3867   1360.9598  558.8324 
2466   332.0848   1265.2170   339.1264     0.0061   461.3614   1361.3207  558.7238 
2467   331.9565   1265.2949   339.1248     0.0060   461.3426   1361.6028  558.6163 
2468   331.8237   1265.3977   339.1232     0.0059   461.3280   1361.9002  558.5100 
2469   331.6831   1265.5138   339.1216     0.0057   461.3159   1361.8191  558.4046 
2470   331.5350   1265.6385   339.1200     0.0056   461.3059   1361.8973  558.3003 
2471   331.3804   1265.7675   339.1184     0.0055   461.2974   1361.4482  558.1969 
2472   331.2152   1265.8491   339.1168     0.0053   461.2830   1361.2668  558.0943 
2473   331.0427   1265.8566   339.1153     0.0052   461.2587   1361.0740  557.9924 
2474   330.8766   1265.8309   339.1138     0.0051   461.2299   1361.0304  557.8913 
2475   330.7236   1265.8004   339.1123     0.0050   461.2006   1360.9440  557.7910 
2476   330.5837   1265.7892   339.1108     0.0049   461.1740   1360.9119  557.6916 
2477   330.4544   1265.8229   339.1093     0.0048   461.1538   1360.8325  557.5933 
2478   330.3284   1265.9005   339.1078     0.0046   461.1403   1360.9598  557.4960 
2479   330.1979   1266.0029   339.1064     0.0045   461.1307   1361.3207  557.3996 
2480   330.0595   1266.1187   339.1049     0.0044   461.1237   1361.6028  557.3042 
2481   329.9137   1266.2431   339.1035     0.0043   461.1187   1361.9002  557.2097 
2482   329.7614   1266.3718   339.1021     0.0042   461.1152   1361.8191  557.1160 
2483   329.5986   1266.4531   339.1007     0.0041   461.1057   1361.8973  557.0231 
2484   329.4285   1266.4603   339.0993     0.0040   461.0862   1361.4482  556.9307 
2485   329.2649   1266.4342   339.0979     0.0040   461.0623   1361.2668  556.8390 
2486   329.1144   1266.4035   339.0965     0.0039   461.0378   1361.0740  556.7480 
2487   328.9768   1266.3919   339.0952     0.0038   461.0159   1361.0304  556.6579 
2488   328.8498   1266.4253   339.0938     0.0037   461.0005   1360.9440  556.5687 
2489   328.7261   1266.5026   339.0925     0.0036   460.9915   1360.9119  556.4805 
2490   328.5977   1266.6047   339.0912     0.0035   460.9866   1360.8325  556.3930 
2491   328.4615   1266.7202   339.0899     0.0034   460.9841   1360.9598  556.3065 
2492   328.3179   1266.8443   339.0886     0.0034   460.9836   1361.3207  556.2207 
2493   328.1678   1266.9727   339.0873     0.0033   460.9846   1361.6028  556.1356 
2494   328.0073   1267.0538   339.0860     0.0032   460.9795   1361.9002  556.0513 
2495   327.8395   1267.0607   339.0848     0.0031   460.9644   1361.8191  555.9674 
2496   327.6784   1267.0343   339.0835     0.0031   460.9448   1361.8973  555.8841 
2497   327.5302   1267.0033   339.0823     0.0030   460.9246   1361.4482  555.8015 
2498   327.3949   1266.9914   339.0811     0.0029   460.9070   1361.2668  555.7196 
2499   327.2701   1267.0245   339.0799     0.0029   460.8958   1361.0740  555.6386 
2500   327.2098   1267.0549   339.0793     0.0028   460.8922   1361.0304  555.5983 
