1765   278.0516    721.8941   272.9596     0.0000     0.0000   1360.6276  480.0000 
1766   278.1062    722.2557   272.9712     0.0000     0.0000   1360.5971  480.0000 
1767   278.2204    722.9708   272.9942     0.0000     0.0000   1360.8022  480.0000 
1768   278.3431    723.6679   273.0168     0.0000     0.0000   1361.0542  480.0000 
1769   278.4706    724.3431   273.0390     0.0000     0.0000   1361.2383  480.0000 
1770   278.6005    724.9953   273.0610     0.0000     0.0000   1361.2409  480.0000 
1771   278.7328    725.6289   273.0826     0.0000     0.0000   1361.1348  480.0000 
1772   278.8688    726.2496   273.1039     0.0000     0.0000   1361.0628  480.0000 
1773   279.0091    726.8586   273.1249     0.0000     0.0000   1360.8446  480.0000 
1774   279.1532    727.4548   273.1456     0.0000     0.0000   1360.8066  480.0000 
1775   279.3018    728.0370   273.1662     0.0000     0.0000   1360.6702  480.0000 
1776   279.4568    728.6039   273.1866     0.0000     0.0000   1360.7246  480.0000 
1777   279.6181    729.1543   273.2068     0.0000     0.0000   1360.8858  480.0000 
1778   279.7819    729.6870   273.2268     0.0000     0.0000   1361.1149  480.0000 
1779   279.9432    730.2009   273.2466     0.0000     0.0000   1361.1726  480.0000 
1780   280.0974    730.6922   273.2665     0.0000     0.0000   1360.9951  480.0000 
1781   280.2428    731.1541   273.2862     0.0000     0.0000   1361.1062  480.0000 
1782   280.3817    731.5842   273.3059     0.0000     0.0000   1360.8420  480.0000 
1783   280.5183    731.9889   273.3254     0.0000     0.0000   1360.7491  480.0000 
1784   280.6572    732.3776   273.3450     0.0000     0.0000   1360.6177  480.0000 
1785   280.8026    732.7600   273.3646     0.0000     0.0000   1360.6767  480.0000 
1786   280.9568    733.1456   273.3843     0.0000     0.0000   1360.9880  480.0000 
1787   281.1181    733.5441   273.4040     0.0000     0.0000   1361.1529  480.0000 
1788   281.2819    733.9651   273.4238     0.0000     0.0000   1361.0995  480.0000 
1789   281.4432    734.4181   273.4436     0.0000     0.0000   1361.0790  480.0000 
1790   281.5982    734.9109   273.4636     0.0000     0.0000   1360.9802  480.0000 
1791   281.7468    735.4454   273.4838     0.0000     0.0000   1360.8305  480.0000 
1792   281.8909    736.0182   273.5041     0.0000     0.0000   1360.8165  480.0000 
1793   282.0312    736.6257   273.5246     0.0000     0.0000   1360.7961  480.0000 
1794   282.1673    737.2648   273.5452     0.0000     0.0000   1360.7024  480.0000 
1795   282.2990    737.9327   273.5661     0.0000     0.0000   1360.5857  480.0000 
1796   282.4268    738.6265   273.5873     0.0000     0.0000   1360.5561  480.0000 
1797   282.5509    739.3434   273.6088     0.0000     0.0000   1360.5032  480.0000 
1798   282.6712    740.0803   273.6305     0.0000     0.0000   1360.4783  480.0000 
1799   282.7873    740.8344   273.6525     0.0000     0.0000   1360.4845  480.0000 
1800   282.8990    741.6081   273.6748     0.0000     0.0000   1360.5249  480.0000 
1801   283.0068    742.4133   273.6976     0.0000     0.0000   1360.7962  480.0000 
1802   283.1109    743.2600   273.7208     0.0000     0.0000   1360.6750  480.0000 
1803   283.2113    744.1459   273.7443     0.0000     0.0000   1360.5432  480.0000 
1804   283.3074    745.0635   273.7683     0.0000     0.0000   1360.5471  480.0000 
1805   283.3996    746.0047   273.7927     0.0000     0.0000   1360.5574  480.0000 
1806   283.4898    746.9619   273.8176     0.0000     0.0000   1360.4602  480.0000 
1807   283.5780    747.9273   273.8430     0.0000     0.0000   1360.3929  480.0000 
1808   283.6612    748.8930   273.8689     0.0000     0.0000   1360.3678  480.0000 
1809   283.7351    749.8512   273.8953     0.0000     0.0000   1360.3401  480.0000 
1810   283.7968    750.7982   273.9223     0.0000     0.0000   1360.3315  480.0000 
1811   283.8467    751.7390   273.9498     0.0000     0.0000   1360.3443  480.0000 
1812   283.8885    752.6816   273.9779     0.0000     0.0000   1360.3850  480.0000 
1813   283.9261    753.6284   274.0067     0.0000     0.0000   1360.4335  480.0000 
1814   283.9627    754.5787   274.0360     0.0000     0.0000   1360.4572  480.0000 
1815   284.0011    755.5313   274.0661     0.0000     0.0000   1360.5121  480.0000 
1816   284.0427    756.4855   274.0967     0.0000     0.0000   1360.6077  480.0000 
1817   284.0861    757.4403   274.1281     0.0000     0.0000   1360.5812  480.0000 
1818   284.1285    758.3948   274.1602     0.0000     0.0000   1360.5333  480.0000 
1819   284.1667    759.3481   274.1931     0.0000     0.0000   1360.5183  480.0000 
1820   284.1982    760.2995   274.2266     0.0000     0.0000   1360.4627  480.0000 
1821   284.2233    761.2494   274.2609     0.0000     0.0000   1360.4411  480.0000 
1822   284.2443    762.1983   274.2960     0.0000     0.0000   1360.4648  480.0000 
1823   284.2631    763.1468   274.3318     0.0000     0.0000   1360.4699  480.0000 
1824   284.2813    764.0953   274.3685     0.0000     0.0000   1360.5108  480.0000 
1825   284.3003    765.0439   274.4060     0.0000     0.0000   1360.5839  480.0000 
1826   284.3200    765.9930   274.4443     0.0000     0.0000   1360.6868  480.0000 
1827   284.3400    766.9430   274.4835     0.0000     0.0000   1360.7976  480.0000 
1828   284.3600    767.8940   274.5236     0.0000     0.0000   1360.8848  480.0000 
1829   284.3800    768.8464   274.5646     0.0000     0.0000   1360.9026  480.0000 
1830   284.4000    769.7984   274.6065     0.0000     0.0000   1360.9435  480.0000 
1831   284.3850    770.7450   274.6493     0.0000     0.0000   1360.7790  480.0000 
1832   284.2800    771.6831   274.6931     0.0000     0.0000   1360.6774  480.0000 
1833   284.1250    772.6154   274.7378     0.0000     0.0000   1360.5824  480.0000 
1834   283.9750    773.5469   274.7835     0.0000     0.0000   1360.6177  480.0000 
1835   283.8250    774.4829   274.8302     0.0000     0.0000   1360.8779  480.0000 
1836   283.6750    775.4284   274.8779     0.0000     0.0000   1361.2582  480.0000 
1837   283.5250    776.3887   274.9267     0.0000     0.0000   1361.3313  480.0000 
1838   283.4250    777.3687   274.9765     0.0000     0.0000   1361.1191  480.0000 
1839   283.4000    778.3737   275.0275     0.0000     0.0000   1361.0370  480.0000 
1840   283.4000    779.4118   275.0797     0.0000     0.0000   1360.9207  480.0000 
1841   283.4250    780.4941   275.1364     0.0000     0.0000   1360.7696  480.0000 
1842   283.5000    781.6240   275.2022     0.0000     0.0000   1360.7148  480.0000 
1843   283.6000    782.7932   275.2731     0.0000     0.0000   1360.6447  480.0000 
1844   283.7250    783.9886   275.3371     0.0000     0.0000   1360.6752  480.0000 
1845   283.9000    785.1973   275.3804     0.0000     0.0000   1360.8025  480.0000 
1846   284.0750    786.4061   275.3984     0.0000     0.0000   1360.9004  480.0000 
1847   284.2250    787.6022   275.4013     0.0000     0.0000   1361.0014  480.0000 
1848   284.4000    788.7725   275.4008     0.0000     0.0000   1361.1972  480.0000 
1849   284.5750    789.9040   275.4003     0.0000     0.0000   1361.1882  480.0000 
1850   284.7250    790.9792   275.4251     0.0000     0.0000   1360.9896  480.0000 
1851   284.8750    792.2500   275.5000     0.0000     0.0105   1360.9942  480.1037 
1852   285.0000    793.7500   275.6000     0.0000     0.0316   1360.9148  480.3111 
1853   285.1250    795.2500   275.7000     0.0000     0.0527   1360.8053  480.5186 
1854   285.2750    796.7500   275.8000     0.0000     0.0738   1360.6823  480.7262 
1855   285.4250    798.0000   275.9000     0.0000     0.0948   1360.6040  480.9338 
1856   285.5750    799.2500   276.0000     0.0000     0.1159   1360.6065  481.1412 
1857   285.7250    800.7500   276.1000     0.0000     0.1370   1360.7154  481.3486 
1858   285.9000    802.2500   276.2000     0.0000     0.1581   1360.9076  481.5562 
1859   286.0750    803.7500   276.3000     0.0000     0.1791   1361.1247  481.7636 
1860   286.2250    805.2500   276.4000     0.0000     0.2002   1361.1909  481.9710 
1861   286.3750    806.7500   276.5000     0.0000     0.2213   1361.0818  482.1786 
1862   286.5000    808.2500   276.6000     0.0000     0.2423   1360.9320  482.3860 
1863   286.6250    809.7500   276.7000     0.0000     0.2634   1360.8486  482.5934 
1864   286.7750    811.2500   276.8000     0.0000     0.2845   1360.7865  482.8010 
1865   286.9000    813.0000   276.9000     0.0000     0.3056   1360.6963  483.0086 
1866   287.0000    814.7500   277.0000     0.0000     0.3266   1360.6330  483.2160 
1867   287.1000    816.2500   277.1000     0.0000     0.3477   1360.5809  483.4234 
1868   287.2250    817.7500   277.2000     0.0000     0.3688   1360.7401  483.6310 
1869   287.3750    819.2500   277.3000     0.0000     0.3898   1360.9756  483.8384 
1870   287.5250    821.0000   277.3750     0.0000     0.4108   1361.2134  484.0450 
1871   287.7000    822.7500   277.4250     0.0000     0.4318   1361.1535  484.2520 
1872   287.9000    824.2500   277.5000     0.0000     0.4530   1361.1070  484.4600 
1873   288.1250    825.7500   277.6000     0.0000     0.4741   1360.9067  484.6680 
1874   288.4000    827.2500   277.7000     0.0000     0.4952   1360.7787  484.8760 
1875   288.7000    829.0000   277.7750     0.0000     0.5163   1360.6306  485.0840 
1876   289.0250    830.7500   277.8250     0.0000     0.5385   1360.5805  485.3020 
1877   289.4000    832.2500   277.9000     0.0000     0.5623   1360.5808  485.5360 
1878   289.8000    833.7500   278.0000     0.0000     0.5872   1360.5522  485.7820 
1879   290.2250    835.2500   278.1000     0.0000     0.6134   1360.5746  486.0400 
1880   290.7000    837.0000   278.2000     0.0000     0.6407   1360.7208  486.3080 
1881   291.2000    839.0000   278.3000     0.0000     0.6691   1360.8645  486.5880 
1882   291.6750    841.0000   278.4000     0.0000     0.6990   1360.8878  486.8820 
1883   292.1250    843.0000   278.5000     0.0000     0.7300   1360.9347  487.1880 
1884   292.5750    844.7500   278.6000     0.0000     0.7623   1360.8369  487.5060 
1885   292.9750    846.2500   278.7000     0.0000     0.7960   1360.7277  487.8380 
1886   293.3000    848.0000   278.8000     0.0000     0.8314   1360.5630  488.1860 
1887   293.5750    850.0000   278.8750     0.0000     0.8684   1360.5197  488.5500 
1888   293.8000    852.0000   278.9250     0.0000     0.9070   1360.4844  488.9300 
1889   294.0000    854.0000   279.0000     0.0000     0.9472   1360.4561  489.3260 
1890   294.1750    856.0000   279.1000     0.0000     0.9892   1360.4906  489.7400 
1891   294.3250    858.2500   279.2000     0.0000     1.0331   1360.7411  490.1720 
1892   294.4750    860.7500   279.3000     0.0000     1.0788   1360.8393  490.6220 
1893   294.6000    863.0000   279.3750     0.0000     1.1267   1360.9798  491.0940 
1894   294.7000    865.0000   279.4250     0.0000     1.1769   1361.0748  491.5880 
1895   294.8000    867.2500   279.4750     0.0000     1.2291   1360.9589  492.1020 
1896   294.9000    869.7500   279.5250     0.0000     1.2835   1360.7786  492.6380 
1897   295.0250    872.0000   279.6000     0.0000     1.3406   1360.6337  493.2000 
1898   295.2250    874.2500   279.6750     0.0000     1.4001   1360.6110  493.7860 
1899   295.5000    876.7500   279.7250     0.0000     1.4623   1360.5594  494.3980 
1900   295.8000    879.5000   279.8000     0.0000     1.5438   1360.5288  495.0380 
1901   296.1250    883.0000   279.9000     0.0000     1.6287   1360.4509  495.7040 
1902   296.4750    887.0000   280.0000     0.0000     1.6991   1360.4595  496.3800 
1903   296.8250    891.2500   280.1000     0.0000     1.7693   1360.6688  497.0520 
1904   297.2000    895.7500   280.2000     0.0000     1.8393   1360.9380  497.7220 
1905   297.6250    900.2500   280.3000     0.0000     1.9094   1360.7497  498.3920 
1906   298.0750    904.7500   280.4000     0.0000     1.9825   1360.9455  499.0900 
1907   298.5000    909.2500   280.5250     0.0000     2.0756   1360.8301  499.9840 
1908   298.9000    914.0000   280.6750     0.0000     2.1860   1360.8949  501.0480 
1909   299.3000    919.0000   280.8250     0.0000     2.2967   1360.7847  502.1120 
1910   299.7000    923.7500   280.9750     0.0000     2.4074   1360.6519  503.1760 
1911   300.0750    928.2500   281.1250     0.0000     2.5181   1360.5686  504.2380 
1912   300.4250    933.0000   281.3000     0.0000     2.6332   1360.5224  505.3420 
1913   300.7750    938.2500   281.4750     0.0000     2.7956   1360.5389  506.9060 
1914   301.1000    943.7500   281.6250     0.0000     2.9904   1360.6056  508.7840 
1915   301.4000    949.2500   281.8000     0.0000     3.1118   1360.9091  509.9360 
1916   301.7250    954.7500   282.0000     0.0000     3.1699   1361.1184  510.4640 
1917   302.0750    960.2500   282.2250     0.0000     3.2832   1361.2668  511.5320 
1918   302.4000    966.0000   282.4750     0.0000     3.4750   1361.2286  513.3720 
1919   302.7000    972.0000   282.7000     0.0000     3.6908   1361.0000  515.4460 
1920   303.0250    977.7500   282.9250     0.0000     3.9068   1360.8381  517.5200 
1921   303.4000    983.2500   283.1750     0.0000     4.1235   1360.7334  519.5980 
1922   303.7750    989.0000   283.4000     0.0000     4.3408   1360.6159  521.6800 
1923   304.1250    995.0000   283.6000     0.0000     4.5663   1360.6475  523.7400 
1924   304.5250   1001.0000   283.8000     0.0000     4.8042   1360.6790  525.8000 
1925   304.9750   1007.0000   284.0000     0.0000     5.0468   1360.8824  527.8800 
1926   305.4000   1013.0000   284.2250     0.0000     5.3094   1360.9831  530.1400 
1927   305.8250   1019.0000   284.4500     0.0000     5.5920   1361.1660  532.5800 
1928   306.3000   1025.0000   284.6250     0.0000     5.8763   1361.0441  535.0200 
1929   306.7750   1030.7500   284.8000     0.0000     6.1626   1361.0031  537.4600 
1930   307.2250   1036.2500   284.9750     0.0000     6.4528   1360.9853  539.9200 
1931   307.7000   1041.7500   285.1250     0.0000     6.7640   1360.8638  542.3800 
1932   308.1750   1047.2500   285.3000     0.0000     7.0794   1360.7570  544.8249 
1933   308.6000   1052.7500   285.5000     0.0000     7.3885   1360.6366  547.3345 
1934   309.0000   1058.0000   285.7000     0.0000     7.7612   1360.7482  550.4441 
1935   309.4000   1063.0000   285.9000     0.0000     8.1961   1360.9638  554.1025 
1936   309.7500   1068.0000   286.1000     0.0000     8.6407   1361.3518  557.7747 
1937   310.0000   1073.0000   286.2750     0.0000     9.0957   1361.2864  561.4612 
1938   310.1750   1078.0000   286.4250     0.0000     9.5714   1361.2221  565.1809 
1939   310.3000   1083.0000   286.5750     0.0035    10.0759   1361.2058  568.9592 
1940   310.3750   1088.2500   286.7250     0.0105    10.6138   1361.1435  572.8048 
1941   310.3750   1093.7500   286.9000     0.0173    11.2100   1361.0646  576.8996 
1942   310.3000   1099.0000   287.1000     0.0240    11.8751   1360.9618  581.3126 
1943   310.2000   1104.0000   287.3000     0.0305    12.5962   1360.8046  585.8917 
1944   310.1250   1109.2500   287.5250     0.0404    13.3708   1360.8344  590.5796 
1945   310.1000   1114.7500   287.7750     0.0536    14.2202   1361.1004  595.4026 
1946   310.1250   1120.5000   288.0250     0.0700    15.2355   1361.1982  600.5938 
1947   310.2000   1126.7500   288.2750     0.1002    16.6013   1361.4367  606.6776 
1948   310.3250   1133.2500   288.5250     0.1649    18.4562   1361.5668  614.3877 
1949   310.5000   1140.0000   288.7750     0.2881    20.6691   1361.4736  623.4086 
1950   310.7500   1147.2500   289.0000     0.4966    23.2514   1361.2321  635.0773 
1951   311.1000   1155.0000   289.2000     0.8132    25.9604   1360.9963  647.0694 
1952   311.5000   1163.5000   289.4250     1.1675    28.4909   1360.9874  656.7255 
1953   311.9250   1172.7500   289.6750     1.5770    31.0611   1360.8487  666.6975 
1954   312.4250   1182.2500   289.9000     2.1490    33.8561   1360.8766  678.0740 
1955   313.0000   1192.0000   290.1250     2.8860    36.9951   1360.9971  691.8835 
1956   313.6000   1202.2500   290.3750     3.7950    40.5451   1361.5288  709.0935 
1957   314.2250   1213.0000   290.6000     4.9210    44.5653   1361.8848  729.3670 
1958   314.8475   1224.0000   290.8250     6.2365    49.0890   1361.8496  752.0925 
1959   315.5000   1235.2500   291.1000     7.5570    53.9947   1361.6005  776.2355 
1960   316.2725   1247.0000   291.4000     8.8185    59.2877   1361.4947  801.5365 
1961   317.0750   1259.2500   291.6750    10.2955    65.2439   1361.1392  829.4375 
1962   317.7950   1272.0000   291.9250    12.2350    71.9392   1360.9683  860.5255 
1963   318.3975   1285.0000   292.2250    14.7150    79.4469   1360.9164  895.3065 
1964   318.9250   1298.2500   292.6000    17.7950    88.0742   1360.9177  934.3625 
1965   319.6475   1312.0000   293.0000    21.4950    97.9439   1360.9540  977.7220 
1966   320.6475   1326.0000   293.4000    25.7750   109.0033   1361.1371 1025.4755 
1967   321.6050   1340.2500   293.8000    30.5750   121.3106   1361.3329 1078.0935 
1968   322.6350   1355.0000   294.2250    35.9550   135.0808   1361.3828 1136.6130 
1969   323.9025   1370.2500   294.7000    42.0500   150.4574   1361.4657 1201.3255 
1970   324.9850   1385.7500   295.2000    49.0500   167.4217   1361.4608 1272.3775 
1971   325.8550   1401.2500   295.7000    57.0650   185.8539   1361.1771 1348.9615 
1972   327.1400   1417.0000   296.2250    65.9650   205.6585   1361.2713 1430.9840 
1973   328.6775   1433.0000   296.8000    75.8350   227.1542   1361.0188 1521.2795 
1974   329.7425   1449.0000   297.4000    87.0400   250.8463   1360.9471 1622.8305 
1975   330.5850   1465.0000   298.0000    99.5600   276.6397   1360.7551 1734.6980 
1976   331.7475   1481.0000   298.6500   112.3000   303.0110   1360.8655 1847.4775 
1977   333.2725   1497.2500   299.3600   124.7000   329.1214   1361.0527 1959.7305 
1978   334.8475   1513.7500   300.0825   136.7000   355.2836   1361.4927 2075.8100 
1979   336.5250   1530.2500   300.7400   148.8000   381.9794   1361.8516 2200.2295 
1980   338.3600   1547.7500   301.3825   159.4000   407.1158   1361.8649 2313.1490 
1981   339.7275   1566.7500   302.2200   168.5500   432.2755   1361.9117 2414.7480 
1982   340.7925   1586.2500   303.0975   177.8500   457.9873   1361.5039 2514.2995 
1983   342.1975   1605.8450   303.8050   185.8000   482.6038   1361.4175 2602.2440 
1984   343.7825   1623.7050   304.3975   193.7500   508.3537   1361.0300 2694.6775 
1985   345.2825   1637.9925   305.0875   202.8500   536.0746   1360.8619 2797.4290 
1986   346.7975   1650.4350   305.7725   212.1000   563.3888   1360.8582 2895.1645 
1987   348.6450   1662.2000   306.2625   222.8000   592.2190   1361.0096 2997.0255 
1988   350.7375   1673.0700   307.1950   234.9000   624.5785   1361.3013 3116.5455 
1989   352.4875   1683.4700   308.5075   244.9000   658.6546   1361.8646 3236.3785 
1990   353.8550   1693.6300   309.4850   252.7500   689.8661   1361.7704 3335.8870 
1991   355.0175   1703.8175   310.1125   260.1500   717.9449   1361.6631 3429.1395 
1992   355.8850   1711.8000   310.6025   264.9500   743.5493   1361.5200 3504.9850 
1993   356.7775   1716.2900   311.0775   267.7500   763.6356   1361.2475 3550.2125 
1994   358.1275   1721.0125   311.6025   269.5000   778.6722   1361.0168 3570.6180 
1995   359.8375   1726.3500   312.2950   269.5000   790.0303   1360.9197 3562.1235 
1996   361.4625   1730.0100   313.0475   268.9500   800.8993   1360.8325 3544.8940 
1997   363.1550   1734.8175   313.7600   268.2000   810.4260   1360.9598 3520.0685 
1998   365.3225   1742.7100   314.5325   266.9500   817.8340   1361.3207 3487.2960 
1999   367.3475   1749.2425   315.2575   265.2000   825.4301   1361.6028 3456.5430 
2000   368.8650   1751.0225   315.8500   263.4500   833.2770   1361.9002 3429.2885 
2001   370.4675   1750.7075   316.4875   261.9000   840.7394   1361.8191 3404.8075 
2002   372.5225   1752.1875   317.2450   260.1000   848.7463   1361.8973 3382.6710 
2003   374.7600   1754.7600   318.0175   257.9500   855.8675   1361.4482 3360.2005 
2004   376.8125   1755.0650   318.7100   256.0500   862.1800   1361.2668 3339.2800 
2005   378.8125   1753.7350   319.4400   254.1000   868.4492   1361.0740 3319.5400 
2006   380.8275   1754.5142   320.1997   251.3000   873.6924   1361.0304 3296.9650 
2007   382.7775   1757.2779   320.8895   247.9500   878.5336   1360.9440 3272.8735 
2008   384.8000   1760.3918   321.5805   244.6000   883.6150   1360.9119 3249.8065 
2009   386.9516   1763.7761   322.2730   241.0284   888.6093   1360.8325 3225.8261 
2010   389.1279   1767.0978   322.9665   237.2842   893.5327   1360.9598 3200.8182 
2011   391.2736   1770.3696   323.6614   233.5385   898.3718   1361.3207 3175.5674 
2012   393.4211   1773.6340   324.3578   229.7963   903.1191   1361.6028 3149.9604 
2013   395.5828   1776.9160   325.0557   226.0648   907.8026   1361.9002 3124.1819 
2014   397.7641   1780.2442   325.7552   222.3503   912.3955   1361.8191 3098.1694 
2015   399.9663   1783.6532   326.4562   218.6599   916.8808   1361.8973 3071.8896 
2016   402.1843   1787.1405   327.1587   214.9956   921.2033   1361.4482 3044.8450 
2017   404.4108   1790.6772   327.8626   211.3562   925.3783   1361.2668 3017.5014 
2018   406.6429   1794.2446   328.5681   207.7411   929.4406   1361.0740 2990.7361 
2019   408.8817   1797.8331   329.2750   204.1513   933.3438   1361.0304 2964.4263 
2020   411.1287   1801.4336   329.9834   200.5871   937.0549   1360.9440 2938.4741 
2021   413.3780   1804.9692   330.6932   197.0414   940.5292   1360.9119 2912.7301 
2022   415.6394   1808.3032   331.4041   193.5105   943.5989   1360.8325 2887.1084 
2023   417.9355   1811.4034   332.1158   190.0018   946.1528   1360.9598 2861.6370 
2024   420.2740   1814.3245   332.8283   186.5210   948.2394   1361.3207 2836.3275 
2025   422.6559   1817.1155   333.5414   183.0730   949.9041   1361.6028 2811.1963 
2026   425.0798   1819.8284   334.2553   179.6632   951.1920   1361.9002 2786.2708 
2027   427.5379   1822.4758   334.9700   176.2929   952.1349   1361.8191 2761.5474 
2028   430.0206   1825.0416   335.6853   172.9606   952.7540   1361.8973 2736.9996 
2029   432.5234   1827.5186   336.4014   169.6654   953.0714   1361.4482 2712.6132 
2030   435.0459   1829.9083   337.1181   166.4074   953.1103   1361.2668 2688.3854 
2031   437.5889   1832.2116   337.8356   163.1866   952.8923   1361.0740 2664.3151 
2032   440.1314   1834.2573   338.5514   159.9964   952.2731   1361.0304 2640.1141 
2033   442.6642   1835.9165   339.2634   156.8331   951.0133   1360.9440 2615.3484 
2034   445.2070   1837.2698   339.9714   153.7024   948.9641   1360.9119 2589.7608 
2035   447.7698   1838.3808   340.6756   150.6086   946.0141   1360.8325 2563.1536 
2036   450.3554   1839.3058   341.3759   147.5553   942.0849   1360.9598 2535.3836 
2037   452.9634   1840.1035   342.0723   144.5466   937.1282   1361.3207 2506.3602 
2038   455.5865   1840.7918   342.7649   141.5831   931.1073   1361.6028 2476.0022 
2039   458.2152   1841.3593   343.4538   138.6631   923.9960   1361.9002 2444.2388 
2040   460.8450   1841.8029   344.1388   135.7857   915.7865   1361.8191 2411.0342 
2041   463.4755   1842.1277   344.8201   132.9504   906.4860   1361.8973 2376.3819 
2042   466.0934   1842.2412   345.4955   130.1569   896.2150   1361.4482 2340.5123 
2043   468.6781   1841.9880   346.1626   127.3998   885.1917   1361.2668 2303.7958 
2044   471.2339   1841.3496   346.8217   124.6756   873.6326   1361.0740 2266.5558 
2045   473.7803   1840.4075   347.4726   121.9887   861.7430   1361.0304 2229.1252 
2046   476.3282   1839.2273   348.1155   119.3420   849.6906   1360.9440 2191.7738 
2047   478.8809   1837.8661   348.7503   116.7382   837.6120   1360.9119 2154.7211 
2048   481.4383   1836.3831   349.3772   114.1801   825.6205   1360.8325 2118.1503 
2049   483.9931   1834.7965   349.9963   111.6677   813.7986   1360.9598 2082.1872 
2050   486.5353   1833.0944   350.6075   109.1995   802.2038   1361.3207 2046.9126 
2051   489.0604   1831.2756   351.2111   106.7742   790.8823   1361.6028 2012.3913 
2052   491.5356   1829.2097   351.8072   104.3916   779.8220   1361.9002 1978.6747 
2053   493.9319   1826.7763   352.3961   102.0513   769.0005   1361.8191 1945.7977 
2054   496.2437   1823.9312   352.9778    99.7486   758.4195   1361.8973 1913.7439 
2055   498.4744   1820.6610   353.5525    97.4806   748.0825   1361.4482 1882.5033 
2056   500.6450   1817.0522   354.1202    95.2502   738.0119   1361.2668 1852.1112 
2057   502.7679   1813.1751   354.6810    93.0596   728.2227   1361.0740 1822.5881 
2058   504.8473   1809.0911   355.2349    90.9106   718.7250   1361.0304 1793.9449 
2059   506.8841   1804.8626   355.7820    88.8050   709.5266   1360.9440 1766.1885 
2060   508.8714   1800.5112   356.3224    86.7427   700.6250   1360.9119 1739.3041 
2061   510.7991   1796.0290   356.8560    84.7221   692.0096   1360.8325 1713.2608 
2062   512.6472   1791.3398   357.3824    82.7420   683.7183   1360.9598 1688.0286 
2063   514.4015   1786.3824   357.9009    80.8016   675.7867   1361.3207 1663.5804 
2064   516.0646   1781.1776   358.4115    78.9004   668.1986   1361.6028 1639.8899 
2065   517.6285   1775.6742   358.9143    77.0343   660.9239   1361.9002 1616.9016 
2066   519.0961   1769.8516   359.4093    75.2010   653.9387   1361.8191 1594.5723 
2067   520.4883   1763.7874   359.8967    73.4024   647.2395   1361.8973 1572.8991 
2068   521.8177   1757.5445   360.3765    71.6399   640.8204   1361.4482 1551.8739 
2069   523.0887   1751.1765   360.8488    69.9147   634.6746   1361.2668 1531.4861 
2070   524.3022   1744.7388   361.3136    68.2281   628.7964   1361.0740 1511.7268 
2071   525.4509   1738.2476   361.7710    66.5796   623.1735   1361.0304 1492.5737 
2072   526.5090   1731.6149   362.2204    64.9677   617.8283   1360.9440 1473.9946 
2073   527.4571   1724.7672   362.6611    63.3915   612.7839   1360.9119 1455.9613 
2074   528.2959   1717.7215   363.0934    61.8500   608.0248   1360.8325 1438.4502 
2075   529.0272   1710.4939   363.5171    60.3427   603.5364   1360.9598 1421.4391 
2076   529.6425   1703.0317   363.9324    58.8663   599.2917   1361.3207 1404.8845 
2077   530.1442   1695.3121   364.3394    57.4186   595.2699   1361.6028 1388.7533 
2078   530.5534   1687.4256   364.7381    56.0012   591.4699   1361.9002 1373.0445 
2079   530.8831   1679.5515   365.1286    54.6149   587.8991   1361.8191 1357.7560 
2080   531.1380   1671.8286   365.5110    53.2605   584.5614   1361.8973 1342.8831 
2081   531.3193   1664.2839   365.8854    51.9387   581.4510   1361.4482 1328.4214 
2082   531.4899   1657.1219   366.2538    50.6492   578.5651   1361.2668 1314.3573 
2083   531.7021   1650.4938   366.6184    49.3908   575.8965   1361.0740 1300.6688 
2084   531.9421   1644.3245   366.9792    48.1622   573.4327   1361.0304 1287.3363 
2085   532.2047   1638.5564   367.3362    46.9628   571.1631   1360.9440 1274.3438 
2086   532.4867   1633.1396   367.6897    45.7917   569.0774   1360.9119 1261.6764 
2087   532.7755   1627.9657   368.0395    44.6463   567.1543   1360.8325 1249.3026 
2088   533.0698   1622.9629   368.3858    43.5248   565.3782   1360.9598 1237.1990 
2089   533.3879   1618.1547   368.7285    42.4282   563.7497   1361.3207 1225.3671 
2090   533.7407   1613.5543   369.0677    41.3568   562.2678   1361.6028 1213.8062 
2091   534.1309   1609.1698   369.4035    40.3111   560.9309   1361.9002 1202.5145 
2092   534.5575   1605.0136   369.7358    39.2916   559.7337   1361.8191 1191.4913 
2093   535.0114   1601.0651   370.0647    38.2977   558.6668   1361.8973 1180.7282 
2094   535.4796   1597.2813   370.3902    37.3283   557.7221   1361.4482 1170.2110 
2095   535.9549   1593.6308   370.7124    36.3825   556.8931   1361.2668 1159.9280 
2096   536.4351   1590.0932   371.0312    35.4597   556.1745   1361.0740 1149.8699 
2097   536.9199   1586.6513   371.3467    34.5593   555.5615   1361.0304 1140.0281 
2098   537.3986   1583.2279   371.6590    33.6791   555.0382   1360.9440 1130.3803 
2099   537.8714   1579.7777   371.9680    32.8179   554.5938   1360.9119 1120.9110 
2100   538.3583   1576.3458   372.2738    31.9762   554.2331   1360.8325 1111.6240 
2101   538.8715   1572.9651   372.5765    31.1545   553.9590   1360.9598 1102.5214 
2102   539.3882   1569.8136   372.8739    30.3529   553.6894   1361.3207 1093.6044 
2103   539.8838   1567.0533   373.1639    29.5719   553.3457   1361.6028 1084.8752 
2104   540.3521   1564.6447   373.4465    28.8109   552.9311   1361.9002 1076.3292 
2105   540.7820   1562.5289   373.7219    28.0692   552.4449   1361.8191 1067.9572 
2106   541.1680   1560.6601   373.9900    27.3460   551.8883   1361.8973 1059.7517 
2107   541.5096   1559.0055   374.2509    26.6408   551.2641   1361.4482 1051.7070 
2108   541.8077   1557.5365   374.5046    25.9532   550.5754   1361.2668 1043.8180 
2109   542.0526   1556.1674   374.7513    25.2815   549.8147   1361.0740 1036.0684 
2110   542.2455   1554.8445   374.9909    24.6248   548.9790   1361.0304 1028.4468 
2111   542.4077   1553.6041   375.2236    23.9835   548.0807   1360.9440 1020.9579 
2112   542.5594   1552.4713   375.4494    23.3578   547.1300   1360.9119 1013.6046 
2113   542.7122   1551.4648   375.6683    22.7479   546.1355   1360.8325 1006.3890 
2114   542.8661   1550.6065   375.8805    22.1540   545.1067   1360.9598  999.3138 
2115   543.0126   1549.8852   376.0860    21.5758   544.0468   1361.3207  992.3765 
2116   543.1393   1549.2673   376.2849    21.0126   542.9548   1361.6028  985.5702 
2117   543.2392   1548.7291   376.4771    20.4638   541.8310   1361.9002  978.8897 
2118   543.3111   1548.2571   376.6628    19.9290   540.6770   1361.8191  972.3313 
2119   543.3547   1547.8400   376.8421    19.4078   539.4944   1361.8973  965.8914 
2120   543.3599   1547.4073   377.0149    18.8991   538.2742   1361.4482  959.5575 
2121   543.3271   1546.9191   377.1814    18.4021   537.0121   1361.2668  953.3207 
2122   543.2881   1546.4230   377.3417    17.9169   535.7184   1361.0740  947.1855 
2123   543.2660   1545.9542   377.4957    17.4439   534.4012   1361.0304  941.1549 
2124   543.2638   1545.5401   377.6435    16.9831   533.0674   1360.9440  935.2310 
2125   543.2816   1545.2106   377.7852    16.5346   531.7240   1360.9119  929.4164 
2126   543.3103   1544.9617   377.9208    16.0982   530.3727   1360.8325  923.7093 
2127   543.3370   1544.7657   378.0504    15.6733   529.0110   1360.9598  918.1048 
2128   543.3545   1544.6047   378.1741    15.2595   527.6376   1361.3207  912.5988 
2129   543.3610   1544.4702   378.2919    14.8564   526.2526   1361.6028  907.1886 
2130   543.3563   1544.3551   378.4038    14.4639   524.8563   1361.9002  901.8717 
2131   543.3295   1544.1928   378.5099    14.0808   523.4388   1361.8191  896.6378 
2132   543.2828   1543.9470   378.6103    13.7067   521.9948   1361.8973  891.4802 
2133   543.2381   1543.6681   378.7050    13.3418   520.5331   1361.4482  886.4027 
2134   543.2081   1543.3938   378.7941    12.9862   519.0605   1361.2668  881.4079 
2135   543.1969   1543.1543   378.8776    12.6398   517.5826   1361.0740  876.4978 
2136   543.2048   1542.9814   378.9556    12.3029   516.1055   1361.0304  871.6748 
2137   543.2230   1542.8731   379.0281    11.9751   514.6299   1360.9440  866.9377 
2138   543.2390   1542.8037   379.0952    11.6561   513.1525   1360.9119  862.2825 
2139   543.2458   1542.7566   379.1569    11.3456   511.6714   1360.8325  857.7062 
2140   543.2417   1542.7249   379.2132    11.0432   510.1861   1360.9598  853.2066 
2141   543.2266   1542.7027   379.2643    10.7488   508.6962   1361.3207  848.7818 
2142   543.1898   1542.6246   379.3102    10.4617   507.1916   1361.6028  844.4236 
2143   543.1313   1542.4553   379.3508    10.1814   505.6667   1361.9002  840.1263 
2144   543.0719   1542.2462   379.3863     9.9080   504.1295   1361.8191  835.8933 
2145   543.0245   1542.0358   379.4168     9.6417   502.5862   1361.8973  831.7270 
2146   542.9934   1541.8547   379.4422     9.3824   501.0419   1361.4482  827.6291 
2147   542.9791   1541.7355   379.4626     9.1302   499.5019   1361.2668  823.6019 
2148   542.9731   1541.6766   379.4781     8.8850   497.9665   1361.0740  819.6443 
2149   542.9628   1541.6527   379.4886     8.6464   496.4322   1361.0304  815.7534 
2150   542.9553   1541.6471   379.4927     8.5288   495.6650   1360.9440  813.8243 
2151   542.9553   1541.6471   379.4927     8.5288   495.6650   1360.9119  813.8243 
2152   542.9553   1541.6471   379.4927     8.5288   495.6650   1360.8325  813.8243 
2153   542.9553   1541.6471   379.4927     8.5288   495.6650   1360.9598  813.8243 
2154   542.9553   1541.6471   379.4927     8.5288   495.6650   1361.3207  813.8243 
2155   542.9553   1541.6471   379.4927     8.5288   495.6650   1361.6028  813.8243 
2156   542.9553   1541.6471   379.4927     8.5288   495.6650   1361.9002  813.8243 
2157   542.9553   1541.6471   379.4927     8.5288   495.6650   1361.8191  813.8243 
2158   542.9553   1541.6471   379.4927     8.5288   495.6650   1361.8973  813.8243 
2159   542.9553   1541.6471   379.4927     8.5288   495.6650   1361.4482  813.8243 
2160   542.9553   1541.6471   379.4927     8.5288   495.6650   1361.2668  813.8243 
2161   542.9553   1541.6471   379.4927     8.5288   495.6650   1361.0740  813.8243 
2162   542.9553   1541.6471   379.4927     8.5288   495.6650   1361.0304  813.8243 
2163   542.9553   1541.6471   379.4927     8.5288   495.6650   1360.9440  813.8243 
2164   542.9553   1541.6471   379.4927     8.5288   495.6650   1360.9119  813.8243 
2165   542.9553   1541.6471   379.4927     8.5288   495.6650   1360.8325  813.8243 
2166   542.9553   1541.6471   379.4927     8.5288   495.6650   1360.9598  813.8243 
2167   542.9553   1541.6471   379.4927     8.5288   495.6650   1361.3207  813.8243 
2168   542.9553   1541.6471   379.4927     8.5288   495.6650   1361.6028  813.8243 
2169   542.9553   1541.6471   379.4927     8.5288   495.6650   1361.9002  813.8243 
2170   542.9553   1541.6471   379.4927     8.5288   495.6650   1361.8191  813.8243 
2171   542.9553   1541.6471   379.4927     8.5288   495.6650   1361.8973  813.8243 
2172   542.9553   1541.6471   379.4927     8.5288   495.6650   1361.4482  813.8243 
2173   542.9553   1541.6471   379.4927     8.5288   495.6650   1361.2668  813.8243 
2174   542.9553   1541.6471   379.4927     8.5288   495.6650   1361.0740  813.8243 
2175   542.9553   1541.6471   379.4927     8.5288   495.6650   1361.0304  813.8243 
2176   542.9553   1541.6471   379.4927     8.5288   495.6650   1360.9440  813.8243 
2177   542.9553   1541.6471   379.4927     8.5288   495.6650   1360.9119  813.8243 
2178   542.9553   1541.6471   379.4927     8.5288   495.6650   1360.8325  813.8243 
2179   542.9553   1541.6471   379.4927     8.5288   495.6650   1360.9598  813.8243 
2180   542.9553   1541.6471   379.4927     8.5288   495.6650   1361.3207  813.8243 
2181   542.9553   1541.6471   379.4927     8.5288   495.6650   1361.6028  813.8243 
2182   542.9553   1541.6471   379.4927     8.5288   495.6650   1361.9002  813.8243 
2183   542.9553   1541.6471   379.4927     8.5288   495.6650   1361.8191  813.8243 
2184   542.9553   1541.6471   379.4927     8.5288   495.6650   1361.8973  813.8243 
2185   542.9553   1541.6471   379.4927     8.5288   495.6650   1361.4482  813.8243 
2186   542.9553   1541.6471   379.4927     8.5288   495.6650   1361.2668  813.8243 
2187   542.9553   1541.6471   379.4927     8.5288   495.6650   1361.0740  813.8243 
2188   542.9553   1541.6471   379.4927     8.5288   495.6650   1361.0304  813.8243 
2189   542.9553   1541.6471   379.4927     8.5288   495.6650   1360.9440  813.8243 
2190   542.9553   1541.6471   379.4927     8.5288   495.6650   1360.9119  813.8243 
2191   542.9553   1541.6471   379.4927     8.5288   495.6650   1360.8325  813.8243 
2192   542.9553   1541.6471   379.4927     8.5288   495.6650   1360.9598  813.8243 
2193   542.9553   1541.6471   379.4927     8.5288   495.6650   1361.3207  813.8243 
2194   542.9553   1541.6471   379.4927     8.5288   495.6650   1361.6028  813.8243 
2195   542.9553   1541.6471   379.4927     8.5288   495.6650   1361.9002  813.8243 
2196   542.9553   1541.6471   379.4927     8.5288   495.6650   1361.8191  813.8243 
2197   542.9553   1541.6471   379.4927     8.5288   495.6650   1361.8973  813.8243 
2198   542.9553   1541.6471   379.4927     8.5288   495.6650   1361.4482  813.8243 
2199   542.9553   1541.6471   379.4927     8.5288   495.6650   1361.2668  813.8243 
2200   542.9553   1541.6471   379.4927     8.5288   495.6650   1361.0740  813.8243 
2201   542.9553   1541.6471   379.4927     8.5288   495.6650   1361.0304  813.8243 
2202   542.9553   1541.6471   379.4927     8.5288   495.6650   1360.9440  813.8243 
2203   542.9553   1541.6471   379.4927     8.5288   495.6650   1360.9119  813.8243 
2204   542.9553   1541.6471   379.4927     8.5288   495.6650   1360.8325  813.8243 
2205   542.9553   1541.6471   379.4927     8.5288   495.6650   1360.9598  813.8243 
2206   542.9553   1541.6471   379.4927     8.5288   495.6650   1361.3207  813.8243 
2207   542.9553   1541.6471   379.4927     8.5288   495.6650   1361.6028  813.8243 
2208   542.9553   1541.6471   379.4927     8.5288   495.6650   1361.9002  813.8243 
2209   542.9553   1541.6471   379.4927     8.5288   495.6650   1361.8191  813.8243 
2210   542.9553   1541.6471   379.4927     8.5288   495.6650   1361.8973  813.8243 
2211   542.9553   1541.6471   379.4927     8.5288   495.6650   1361.4482  813.8243 
2212   542.9553   1541.6471   379.4927     8.5288   495.6650   1361.2668  813.8243 
2213   542.9553   1541.6471   379.4927     8.5288   495.6650   1361.0740  813.8243 
2214   542.9553   1541.6471   379.4927     8.5288   495.6650   1361.0304  813.8243 
2215   542.9553   1541.6471   379.4927     8.5288   495.6650   1360.9440  813.8243 
2216   542.9553   1541.6471   379.4927     8.5288   495.6650   1360.9119  813.8243 
2217   542.9553   1541.6471   379.4927     8.5288   495.6650   1360.8325  813.8243 
2218   542.9553   1541.6471   379.4927     8.5288   495.6650   1360.9598  813.8243 
2219   542.9553   1541.6471   379.4927     8.5288   495.6650   1361.3207  813.8243 
2220   542.9553   1541.6471   379.4927     8.5288   495.6650   1361.6028  813.8243 
2221   542.9553   1541.6471   379.4927     8.5288   495.6650   1361.9002  813.8243 
2222   542.9553   1541.6471   379.4927     8.5288   495.6650   1361.8191  813.8243 
2223   542.9553   1541.6471   379.4927     8.5288   495.6650   1361.8973  813.8243 
2224   542.9553   1541.6471   379.4927     8.5288   495.6650   1361.4482  813.8243 
2225   542.9553   1541.6471   379.4927     8.5288   495.6650   1361.2668  813.8243 
2226   542.9553   1541.6471   379.4927     8.5288   495.6650   1361.0740  813.8243 
2227   542.9553   1541.6471   379.4927     8.5288   495.6650   1361.0304  813.8243 
2228   542.9553   1541.6471   379.4927     8.5288   495.6650   1360.9440  813.8243 
2229   542.9553   1541.6471   379.4927     8.5288   495.6650   1360.9119  813.8243 
2230   542.9553   1541.6471   379.4927     8.5288   495.6650   1360.8325  813.8243 
2231   542.9553   1541.6471   379.4927     8.5288   495.6650   1360.9598  813.8243 
2232   542.9553   1541.6471   379.4927     8.5288   495.6650   1361.3207  813.8243 
2233   542.9553   1541.6471   379.4927     8.5288   495.6650   1361.6028  813.8243 
2234   542.9553   1541.6471   379.4927     8.5288   495.6650   1361.9002  813.8243 
2235   542.9553   1541.6471   379.4927     8.5288   495.6650   1361.8191  813.8243 
2236   542.9553   1541.6471   379.4927     8.5288   495.6650   1361.8973  813.8243 
2237   542.9553   1541.6471   379.4927     8.5288   495.6650   1361.4482  813.8243 
2238   542.9553   1541.6471   379.4927     8.5288   495.6650   1361.2668  813.8243 
2239   542.9553   1541.6471   379.4927     8.5288   495.6650   1361.0740  813.8243 
2240   542.9553   1541.6471   379.4927     8.5288   495.6650   1361.0304  813.8243 
2241   542.9553   1541.6471   379.4927     8.5288   495.6650   1360.9440  813.8243 
2242   542.9553   1541.6471   379.4927     8.5288   495.6650   1360.9119  813.8243 
2243   542.9553   1541.6471   379.4927     8.5288   495.6650   1360.8325  813.8243 
2244   542.9553   1541.6471   379.4927     8.5288   495.6650   1360.9598  813.8243 
2245   542.9553   1541.6471   379.4927     8.5288   495.6650   1361.3207  813.8243 
2246   542.9553   1541.6471   379.4927     8.5288   495.6650   1361.6028  813.8243 
2247   542.9553   1541.6471   379.4927     8.5288   495.6650   1361.9002  813.8243 
2248   542.9553   1541.6471   379.4927     8.5288   495.6650   1361.8191  813.8243 
2249   542.9553   1541.6471   379.4927     8.5288   495.6650   1361.8973  813.8243 
2250   542.9553   1541.6471   379.4927     8.5288   495.6650   1361.4482  813.8243 
2251   542.9553   1541.6471   379.4927     8.5288   495.6650   1361.2668  813.8243 
2252   542.9553   1541.6471   379.4927     8.5288   495.6650   1361.0740  813.8243 
2253   542.9553   1541.6471   379.4927     8.5288   495.6650   1361.0304  813.8243 
2254   542.9553   1541.6471   379.4927     8.5288   495.6650   1360.9440  813.8243 
2255   542.9553   1541.6471   379.4927     8.5288   495.6650   1360.9119  813.8243 
2256   542.9553   1541.6471   379.4927     8.5288   495.6650   1360.8325  813.8243 
2257   542.9553   1541.6471   379.4927     8.5288   495.6650   1360.9598  813.8243 
2258   542.9553   1541.6471   379.4927     8.5288   495.6650   1361.3207  813.8243 
2259   542.9553   1541.6471   379.4927     8.5288   495.6650   1361.6028  813.8243 
2260   542.9553   1541.6471   379.4927     8.5288   495.6650   1361.9002  813.8243 
2261   542.9553   1541.6471   379.4927     8.5288   495.6650   1361.8191  813.8243 
2262   542.9553   1541.6471   379.4927     8.5288   495.6650   1361.8973  813.8243 
2263   542.9553   1541.6471   379.4927     8.5288   495.6650   1361.4482  813.8243 
2264   542.9553   1541.6471   379.4927     8.5288   495.6650   1361.2668  813.8243 
2265   542.9553   1541.6471   379.4927     8.5288   495.6650   1361.0740  813.8243 
2266   542.9553   1541.6471   379.4927     8.5288   495.6650   1361.0304  813.8243 
2267   542.9553   1541.6471   379.4927     8.5288   495.6650   1360.9440  813.8243 
2268   542.9553   1541.6471   379.4927     8.5288   495.6650   1360.9119  813.8243 
2269   542.9553   1541.6471   379.4927     8.5288   495.6650   1360.8325  813.8243 
2270   542.9553   1541.6471   379.4927     8.5288   495.6650   1360.9598  813.8243 
2271   542.9553   1541.6471   379.4927     8.5288   495.6650   1361.3207  813.8243 
2272   542.9553   1541.6471   379.4927     8.5288   495.6650   1361.6028  813.8243 
2273   542.9553   1541.6471   379.4927     8.5288   495.6650   1361.9002  813.8243 
2274   542.9553   1541.6471   379.4927     8.5288   495.6650   1361.8191  813.8243 
2275   542.9553   1541.6471   379.4927     8.5288   495.6650   1361.8973  813.8243 
2276   542.9553   1541.6471   379.4927     8.5288   495.6650   1361.4482  813.8243 
2277   542.9553   1541.6471   379.4927     8.5288   495.6650   1361.2668  813.8243 
2278   542.9553   1541.6471   379.4927     8.5288   495.6650   1361.0740  813.8243 
2279   542.9553   1541.6471   379.4927     8.5288   495.6650   1361.0304  813.8243 
2280   542.9553   1541.6471   379.4927     8.5288   495.6650   1360.9440  813.8243 
2281   542.9553   1541.6471   379.4927     8.5288   495.6650   1360.9119  813.8243 
2282   542.9553   1541.6471   379.4927     8.5288   495.6650   1360.8325  813.8243 
2283   542.9553   1541.6471   379.4927     8.5288   495.6650   1360.9598  813.8243 
2284   542.9553   1541.6471   379.4927     8.5288   495.6650   1361.3207  813.8243 
2285   542.9553   1541.6471   379.4927     8.5288   495.6650   1361.6028  813.8243 
2286   542.9553   1541.6471   379.4927     8.5288   495.6650   1361.9002  813.8243 
2287   542.9553   1541.6471   379.4927     8.5288   495.6650   1361.8191  813.8243 
2288   542.9553   1541.6471   379.4927     8.5288   495.6650   1361.8973  813.8243 
2289   542.9553   1541.6471   379.4927     8.5288   495.6650   1361.4482  813.8243 
2290   542.9553   1541.6471   379.4927     8.5288   495.6650   1361.2668  813.8243 
2291   542.9553   1541.6471   379.4927     8.5288   495.6650   1361.0740  813.8243 
2292   542.9553   1541.6471   379.4927     8.5288   495.6650   1361.0304  813.8243 
2293   542.9553   1541.6471   379.4927     8.5288   495.6650   1360.9440  813.8243 
2294   542.9553   1541.6471   379.4927     8.5288   495.6650   1360.9119  813.8243 
2295   542.9553   1541.6471   379.4927     8.5288   495.6650   1360.8325  813.8243 
2296   542.9553   1541.6471   379.4927     8.5288   495.6650   1360.9598  813.8243 
2297   542.9553   1541.6471   379.4927     8.5288   495.6650   1361.3207  813.8243 
2298   542.9553   1541.6471   379.4927     8.5288   495.6650   1361.6028  813.8243 
2299   542.9553   1541.6471   379.4927     8.5288   495.6650   1361.9002  813.8243 
2300   542.9553   1541.6471   379.4927     8.5288   495.6650   1361.8191  813.8243 
2301   542.9553   1541.6471   379.4927     8.5288   495.6650   1361.8973  813.8243 
2302   542.9553   1541.6471   379.4927     8.5288   495.6650   1361.4482  813.8243 
2303   542.9553   1541.6471   379.4927     8.5288   495.6650   1361.2668  813.8243 
2304   542.9553   1541.6471   379.4927     8.5288   495.6650   1361.0740  813.8243 
2305   542.9553   1541.6471   379.4927     8.5288   495.6650   1361.0304  813.8243 
2306   542.9553   1541.6471   379.4927     8.5288   495.6650   1360.9440  813.8243 
2307   542.9553   1541.6471   379.4927     8.5288   495.6650   1360.9119  813.8243 
2308   542.9553   1541.6471   379.4927     8.5288   495.6650   1360.8325  813.8243 
2309   542.9553   1541.6471   379.4927     8.5288   495.6650   1360.9598  813.8243 
2310   542.9553   1541.6471   379.4927     8.5288   495.6650   1361.3207  813.8243 
2311   542.9553   1541.6471   379.4927     8.5288   495.6650   1361.6028  813.8243 
2312   542.9553   1541.6471   379.4927     8.5288   495.6650   1361.9002  813.8243 
2313   542.9553   1541.6471   379.4927     8.5288   495.6650   1361.8191  813.8243 
2314   542.9553   1541.6471   379.4927     8.5288   495.6650   1361.8973  813.8243 
2315   542.9553   1541.6471   379.4927     8.5288   495.6650   1361.4482  813.8243 
2316   542.9553   1541.6471   379.4927     8.5288   495.6650   1361.2668  813.8243 
2317   542.9553   1541.6471   379.4927     8.5288   495.6650   1361.0740  813.8243 
2318   542.9553   1541.6471   379.4927     8.5288   495.6650   1361.0304  813.8243 
2319   542.9553   1541.6471   379.4927     8.5288   495.6650   1360.9440  813.8243 
2320   542.9553   1541.6471   379.4927     8.5288   495.6650   1360.9119  813.8243 
2321   542.9553   1541.6471   379.4927     8.5288   495.6650   1360.8325  813.8243 
2322   542.9553   1541.6471   379.4927     8.5288   495.6650   1360.9598  813.8243 
2323   542.9553   1541.6471   379.4927     8.5288   495.6650   1361.3207  813.8243 
2324   542.9553   1541.6471   379.4927     8.5288   495.6650   1361.6028  813.8243 
2325   542.9553   1541.6471   379.4927     8.5288   495.6650   1361.9002  813.8243 
2326   542.9553   1541.6471   379.4927     8.5288   495.6650   1361.8191  813.8243 
2327   542.9553   1541.6471   379.4927     8.5288   495.6650   1361.8973  813.8243 
2328   542.9553   1541.6471   379.4927     8.5288   495.6650   1361.4482  813.8243 
2329   542.9553   1541.6471   379.4927     8.5288   495.6650   1361.2668  813.8243 
2330   542.9553   1541.6471   379.4927     8.5288   495.6650   1361.0740  813.8243 
2331   542.9553   1541.6471   379.4927     8.5288   495.6650   1361.0304  813.8243 
2332   542.9553   1541.6471   379.4927     8.5288   495.6650   1360.9440  813.8243 
2333   542.9553   1541.6471   379.4927     8.5288   495.6650   1360.9119  813.8243 
2334   542.9553   1541.6471   379.4927     8.5288   495.6650   1360.8325  813.8243 
2335   542.9553   1541.6471   379.4927     8.5288   495.6650   1360.9598  813.8243 
2336   542.9553   1541.6471   379.4927     8.5288   495.6650   1361.3207  813.8243 
2337   542.9553   1541.6471   379.4927     8.5288   495.6650   1361.6028  813.8243 
2338   542.9553   1541.6471   379.4927     8.5288   495.6650   1361.9002  813.8243 
2339   542.9553   1541.6471   379.4927     8.5288   495.6650   1361.8191  813.8243 
2340   542.9553   1541.6471   379.4927     8.5288   495.6650   1361.8973  813.8243 
2341   542.9553   1541.6471   379.4927     8.5288   495.6650   1361.4482  813.8243 
2342   542.9553   1541.6471   379.4927     8.5288   495.6650   1361.2668  813.8243 
2343   542.9553   1541.6471   379.4927     8.5288   495.6650   1361.0740  813.8243 
2344   542.9553   1541.6471   379.4927     8.5288   495.6650   1361.0304  813.8243 
2345   542.9553   1541.6471   379.4927     8.5288   495.6650   1360.9440  813.8243 
2346   542.9553   1541.6471   379.4927     8.5288   495.6650   1360.9119  813.8243 
2347   542.9553   1541.6471   379.4927     8.5288   495.6650   1360.8325  813.8243 
2348   542.9553   1541.6471   379.4927     8.5288   495.6650   1360.9598  813.8243 
2349   542.9553   1541.6471   379.4927     8.5288   495.6650   1361.3207  813.8243 
2350   542.9553   1541.6471   379.4927     8.5288   495.6650   1361.6028  813.8243 
2351   542.9553   1541.6471   379.4927     8.5288   495.6650   1361.9002  813.8243 
2352   542.9553   1541.6471   379.4927     8.5288   495.6650   1361.8191  813.8243 
2353   542.9553   1541.6471   379.4927     8.5288   495.6650   1361.8973  813.8243 
2354   542.9553   1541.6471   379.4927     8.5288   495.6650   1361.4482  813.8243 
2355   542.9553   1541.6471   379.4927     8.5288   495.6650   1361.2668  813.8243 
2356   542.9553   1541.6471   379.4927     8.5288   495.6650   1361.0740  813.8243 
2357   542.9553   1541.6471   379.4927     8.5288   495.6650   1361.0304  813.8243 
2358   542.9553   1541.6471   379.4927     8.5288   495.6650   1360.9440  813.8243 
2359   542.9553   1541.6471   379.4927     8.5288   495.6650   1360.9119  813.8243 
2360   542.9553   1541.6471   379.4927     8.5288   495.6650   1360.8325  813.8243 
2361   542.9553   1541.6471   379.4927     8.5288   495.6650   1360.9598  813.8243 
2362   542.9553   1541.6471   379.4927     8.5288   495.6650   1361.3207  813.8243 
2363   542.9553   1541.6471   379.4927     8.5288   495.6650   1361.6028  813.8243 
2364   542.9553   1541.6471   379.4927     8.5288   495.6650   1361.9002  813.8243 
2365   542.9553   1541.6471   379.4927     8.5288   495.6650   1361.8191  813.8243 
2366   542.9553   1541.6471   379.4927     8.5288   495.6650   1361.8973  813.8243 
2367   542.9553   1541.6471   379.4927     8.5288   495.6650   1361.4482  813.8243 
2368   542.9553   1541.6471   379.4927     8.5288   495.6650   1361.2668  813.8243 
2369   542.9553   1541.6471   379.4927     8.5288   495.6650   1361.0740  813.8243 
2370   542.9553   1541.6471   379.4927     8.5288   495.6650   1361.0304  813.8243 
2371   542.9553   1541.6471   379.4927     8.5288   495.6650   1360.9440  813.8243 
2372   542.9553   1541.6471   379.4927     8.5288   495.6650   1360.9119  813.8243 
2373   542.9553   1541.6471   379.4927     8.5288   495.6650   1360.8325  813.8243 
2374   542.9553   1541.6471   379.4927     8.5288   495.6650   1360.9598  813.8243 
2375   542.9553   1541.6471   379.4927     8.5288   495.6650   1361.3207  813.8243 
2376   542.9553   1541.6471   379.4927     8.5288   495.6650   1361.6028  813.8243 
2377   542.9553   1541.6471   379.4927     8.5288   495.6650   1361.9002  813.8243 
2378   542.9553   1541.6471   379.4927     8.5288   495.6650   1361.8191  813.8243 
2379   542.9553   1541.6471   379.4927     8.5288   495.6650   1361.8973  813.8243 
2380   542.9553   1541.6471   379.4927     8.5288   495.6650   1361.4482  813.8243 
2381   542.9553   1541.6471   379.4927     8.5288   495.6650   1361.2668  813.8243 
2382   542.9553   1541.6471   379.4927     8.5288   495.6650   1361.0740  813.8243 
2383   542.9553   1541.6471   379.4927     8.5288   495.6650   1361.0304  813.8243 
2384   542.9553   1541.6471   379.4927     8.5288   495.6650   1360.9440  813.8243 
2385   542.9553   1541.6471   379.4927     8.5288   495.6650   1360.9119  813.8243 
2386   542.9553   1541.6471   379.4927     8.5288   495.6650   1360.8325  813.8243 
2387   542.9553   1541.6471   379.4927     8.5288   495.6650   1360.9598  813.8243 
2388   542.9553   1541.6471   379.4927     8.5288   495.6650   1361.3207  813.8243 
2389   542.9553   1541.6471   379.4927     8.5288   495.6650   1361.6028  813.8243 
2390   542.9553   1541.6471   379.4927     8.5288   495.6650   1361.9002  813.8243 
2391   542.9553   1541.6471   379.4927     8.5288   495.6650   1361.8191  813.8243 
2392   542.9553   1541.6471   379.4927     8.5288   495.6650   1361.8973  813.8243 
2393   542.9553   1541.6471   379.4927     8.5288   495.6650   1361.4482  813.8243 
2394   542.9553   1541.6471   379.4927     8.5288   495.6650   1361.2668  813.8243 
2395   542.9553   1541.6471   379.4927     8.5288   495.6650   1361.0740  813.8243 
2396   542.9553   1541.6471   379.4927     8.5288   495.6650   1361.0304  813.8243 
2397   542.9553   1541.6471   379.4927     8.5288   495.6650   1360.9440  813.8243 
2398   542.9553   1541.6471   379.4927     8.5288   495.6650   1360.9119  813.8243 
2399   542.9553   1541.6471   379.4927     8.5288   495.6650   1360.8325  813.8243 
2400   542.9553   1541.6471   379.4927     8.5288   495.6650   1360.9598  813.8243 
2401   542.9553   1541.6471   379.4927     8.5288   495.6650   1361.3207  813.8243 
2402   542.9553   1541.6471   379.4927     8.5288   495.6650   1361.6028  813.8243 
2403   542.9553   1541.6471   379.4927     8.5288   495.6650   1361.9002  813.8243 
2404   542.9553   1541.6471   379.4927     8.5288   495.6650   1361.8191  813.8243 
2405   542.9553   1541.6471   379.4927     8.5288   495.6650   1361.8973  813.8243 
2406   542.9553   1541.6471   379.4927     8.5288   495.6650   1361.4482  813.8243 
2407   542.9553   1541.6471   379.4927     8.5288   495.6650   1361.2668  813.8243 
2408   542.9553   1541.6471   379.4927     8.5288   495.6650   1361.0740  813.8243 
2409   542.9553   1541.6471   379.4927     8.5288   495.6650   1361.0304  813.8243 
2410   542.9553   1541.6471   379.4927     8.5288   495.6650   1360.9440  813.8243 
2411   542.9553   1541.6471   379.4927     8.5288   495.6650   1360.9119  813.8243 
2412   542.9553   1541.6471   379.4927     8.5288   495.6650   1360.8325  813.8243 
2413   542.9553   1541.6471   379.4927     8.5288   495.6650   1360.9598  813.8243 
2414   542.9553   1541.6471   379.4927     8.5288   495.6650   1361.3207  813.8243 
2415   542.9553   1541.6471   379.4927     8.5288   495.6650   1361.6028  813.8243 
2416   542.9553   1541.6471   379.4927     8.5288   495.6650   1361.9002  813.8243 
2417   542.9553   1541.6471   379.4927     8.5288   495.6650   1361.8191  813.8243 
2418   542.9553   1541.6471   379.4927     8.5288   495.6650   1361.8973  813.8243 
2419   542.9553   1541.6471   379.4927     8.5288   495.6650   1361.4482  813.8243 
2420   542.9553   1541.6471   379.4927     8.5288   495.6650   1361.2668  813.8243 
2421   542.9553   1541.6471   379.4927     8.5288   495.6650   1361.0740  813.8243 
2422   542.9553   1541.6471   379.4927     8.5288   495.6650   1361.0304  813.8243 
2423   542.9553   1541.6471   379.4927     8.5288   495.6650   1360.9440  813.8243 
2424   542.9553   1541.6471   379.4927     8.5288   495.6650   1360.9119  813.8243 
2425   542.9553   1541.6471   379.4927     8.5288   495.6650   1360.8325  813.8243 
2426   542.9553   1541.6471   379.4927     8.5288   495.6650   1360.9598  813.8243 
2427   542.9553   1541.6471   379.4927     8.5288   495.6650   1361.3207  813.8243 
2428   542.9553   1541.6471   379.4927     8.5288   495.6650   1361.6028  813.8243 
2429   542.9553   1541.6471   379.4927     8.5288   495.6650   1361.9002  813.8243 
2430   542.9553   1541.6471   379.4927     8.5288   495.6650   1361.8191  813.8243 
2431   542.9553   1541.6471   379.4927     8.5288   495.6650   1361.8973  813.8243 
2432   542.9553   1541.6471   379.4927     8.5288   495.6650   1361.4482  813.8243 
2433   542.9553   1541.6471   379.4927     8.5288   495.6650   1361.2668  813.8243 
2434   542.9553   1541.6471   379.4927     8.5288   495.6650   1361.0740  813.8243 
2435   542.9553   1541.6471   379.4927     8.5288   495.6650   1361.0304  813.8243 
2436   542.9553   1541.6471   379.4927     8.5288   495.6650   1360.9440  813.8243 
2437   542.9553   1541.6471   379.4927     8.5288   495.6650   1360.9119  813.8243 
2438   542.9553   1541.6471   379.4927     8.5288   495.6650   1360.8325  813.8243 
2439   542.9553   1541.6471   379.4927     8.5288   495.6650   1360.9598  813.8243 
2440   542.9553   1541.6471   379.4927     8.5288   495.6650   1361.3207  813.8243 
2441   542.9553   1541.6471   379.4927     8.5288   495.6650   1361.6028  813.8243 
2442   542.9553   1541.6471   379.4927     8.5288   495.6650   1361.9002  813.8243 
2443   542.9553   1541.6471   379.4927     8.5288   495.6650   1361.8191  813.8243 
2444   542.9553   1541.6471   379.4927     8.5288   495.6650   1361.8973  813.8243 
2445   542.9553   1541.6471   379.4927     8.5288   495.6650   1361.4482  813.8243 
2446   542.9553   1541.6471   379.4927     8.5288   495.6650   1361.2668  813.8243 
2447   542.9553   1541.6471   379.4927     8.5288   495.6650   1361.0740  813.8243 
2448   542.9553   1541.6471   379.4927     8.5288   495.6650   1361.0304  813.8243 
2449   542.9553   1541.6471   379.4927     8.5288   495.6650   1360.9440  813.8243 
2450   542.9553   1541.6471   379.4927     8.5288   495.6650   1360.9119  813.8243 
2451   542.9553   1541.6471   379.4927     8.5288   495.6650   1360.8325  813.8243 
2452   542.9553   1541.6471   379.4927     8.5288   495.6650   1360.9598  813.8243 
2453   542.9553   1541.6471   379.4927     8.5288   495.6650   1361.3207  813.8243 
2454   542.9553   1541.6471   379.4927     8.5288   495.6650   1361.6028  813.8243 
2455   542.9553   1541.6471   379.4927     8.5288   495.6650   1361.9002  813.8243 
2456   542.9553   1541.6471   379.4927     8.5288   495.6650   1361.8191  813.8243 
2457   542.9553   1541.6471   379.4927     8.5288   495.6650   1361.8973  813.8243 
2458   542.9553   1541.6471   379.4927     8.5288   495.6650   1361.4482  813.8243 
2459   542.9553   1541.6471   379.4927     8.5288   495.6650   1361.2668  813.8243 
2460   542.9553   1541.6471   379.4927     8.5288   495.6650   1361.0740  813.8243 
2461   542.9553   1541.6471   379.4927     8.5288   495.6650   1361.0304  813.8243 
2462   542.9553   1541.6471   379.4927     8.5288   495.6650   1360.9440  813.8243 
2463   542.9553   1541.6471   379.4927     8.5288   495.6650   1360.9119  813.8243 
2464   542.9553   1541.6471   379.4927     8.5288   495.6650   1360.8325  813.8243 
2465   542.9553   1541.6471   379.4927     8.5288   495.6650   1360.9598  813.8243 
2466   542.9553   1541.6471   379.4927     8.5288   495.6650   1361.3207  813.8243 
2467   542.9553   1541.6471   379.4927     8.5288   495.6650   1361.6028  813.8243 
2468   542.9553   1541.6471   379.4927     8.5288   495.6650   1361.9002  813.8243 
2469   542.9553   1541.6471   379.4927     8.5288   495.6650   1361.8191  813.8243 
2470   542.9553   1541.6471   379.4927     8.5288   495.6650   1361.8973  813.8243 
2471   542.9553   1541.6471   379.4927     8.5288   495.6650   1361.4482  813.8243 
2472   542.9553   1541.6471   379.4927     8.5288   495.6650   1361.2668  813.8243 
2473   542.9553   1541.6471   379.4927     8.5288   495.6650   1361.0740  813.8243 
2474   542.9553   1541.6471   379.4927     8.5288   495.6650   1361.0304  813.8243 
2475   542.9553   1541.6471   379.4927     8.5288   495.6650   1360.9440  813.8243 
2476   542.9553   1541.6471   379.4927     8.5288   495.6650   1360.9119  813.8243 
2477   542.9553   1541.6471   379.4927     8.5288   495.6650   1360.8325  813.8243 
2478   542.9553   1541.6471   379.4927     8.5288   495.6650   1360.9598  813.8243 
2479   542.9553   1541.6471   379.4927     8.5288   495.6650   1361.3207  813.8243 
2480   542.9553   1541.6471   379.4927     8.5288   495.6650   1361.6028  813.8243 
2481   542.9553   1541.6471   379.4927     8.5288   495.6650   1361.9002  813.8243 
2482   542.9553   1541.6471   379.4927     8.5288   495.6650   1361.8191  813.8243 
2483   542.9553   1541.6471   379.4927     8.5288   495.6650   1361.8973  813.8243 
2484   542.9553   1541.6471   379.4927     8.5288   495.6650   1361.4482  813.8243 
2485   542.9553   1541.6471   379.4927     8.5288   495.6650   1361.2668  813.8243 
2486   542.9553   1541.6471   379.4927     8.5288   495.6650   1361.0740  813.8243 
2487   542.9553   1541.6471   379.4927     8.5288   495.6650   1361.0304  813.8243 
2488   542.9553   1541.6471   379.4927     8.5288   495.6650   1360.9440  813.8243 
2489   542.9553   1541.6471   379.4927     8.5288   495.6650   1360.9119  813.8243 
2490   542.9553   1541.6471   379.4927     8.5288   495.6650   1360.8325  813.8243 
2491   542.9553   1541.6471   379.4927     8.5288   495.6650   1360.9598  813.8243 
2492   542.9553   1541.6471   379.4927     8.5288   495.6650   1361.3207  813.8243 
2493   542.9553   1541.6471   379.4927     8.5288   495.6650   1361.6028  813.8243 
2494   542.9553   1541.6471   379.4927     8.5288   495.6650   1361.9002  813.8243 
2495   542.9553   1541.6471   379.4927     8.5288   495.6650   1361.8191  813.8243 
2496   542.9553   1541.6471   379.4927     8.5288   495.6650   1361.8973  813.8243 
2497   542.9553   1541.6471   379.4927     8.5288   495.6650   1361.4482  813.8243 
2498   542.9553   1541.6471   379.4927     8.5288   495.6650   1361.2668  813.8243 
2499   542.9553   1541.6471   379.4927     8.5288   495.6650   1361.0740  813.8243 
2500   542.9553   1541.6471   379.4927     8.5288   495.6650   1361.0304  813.8243 
